-13.392535192416656 -13.137581095718481 -12.821157426578850 -12.602246679892927 -12.519396056560737 -12.300414666966928 -12.220227747500504 -12.001140877190618 -11.984070400971834 -11.728878786635857
-13.392535192437983 -13.281064003741896 -13.084418284347215 -12.950515148731444 -12.850516806900853 -12.705557856463699 -12.627597180427014 -12.539687079632127 -12.484254592021337 -12.450388377294900
-13.392535192439240 -13.324520273075974 -13.193379923591511 -13.094092068780068 -13.026032158022067 -12.907515787988206 -12.849264714717897 -12.819162047800450 -12.717103227418580 -12.665959635420304
-13.392535192440388 -13.339189332541732 -13.242859201951015 -13.168273942041147 -13.112619948704136 -13.047754799620403 -12.964986328695423 -12.955035628424694 -12.906860696100582 -12.842673746666641
-13.392535192442224 -13.348385902560512 -13.281086875714561 -13.204474786121677 -13.184916064000557 -13.106659716435964 -13.075755880772249 -13.046776373593541 -12.995092030867378 -12.957848137452642
-13.392535192442653 -13.350734018801939 -13.293080119562527 -13.220463674607576 -13.205549226178826 -13.135349785062404 -13.110805995931605 -13.076942797342598 -13.036893277079482 -13.004628305844948
-13.392535192442772 -13.351790696744153 -13.299660991898110 -13.230800247073040 -13.217702169456292 -13.150834629020396 -13.138307090077515 -13.095296373655097 -13.061183677786493 -13.044957203148597
-13.392535192442907 -13.352372660813549 -13.303906157079243 -13.240790642386242 -13.223336852060369 -13.165765318866779 -13.153361499922941 -13.110444253543813 -13.082422247399702 -13.069691648440973
-13.392535192443029 -13.352759930821234 -13.307188249392594 -13.249441105472474 -13.226608177230215 -13.180585039922446 -13.162365184813329 -13.120651174015444 -13.103676976700694 -13.085458182359586
-13.392535192443129 -13.353079504235188 -13.310548764289825 -13.259547447413247 -13.230120033084402 -13.199152391979819 -13.172267104720502 -13.135454845087533 -13.131203748903644 -13.102912348809078
-13.392535192443148 -13.353161753905264 -13.311640845395972 -13.263222138704208 -13.231816078707734 -13.206319360074811 -13.178029725176605 -13.142439174448615 -13.140516683572134 -13.113578372178546
-13.392535192443200 -13.353220465548072 -13.312539385175306 -13.266594426367098 -13.233001635873098 -13.213217953320259 -13.182450202759401 -13.153349465035253 -13.145625275349332 -13.122030188460968
-13.392535192443281 -13.353256882071538 -13.313186496752419 -13.269303265388864 -13.234069586096771 -13.219017258443566 -13.187057507737535 -13.162656166102211 -13.149178056453076 -13.131608527481850
-13.392535192443340 -13.353274902581305 -13.313557898750915 -13.271100359766862 -13.234750016601311 -13.223214846061348 -13.190455023472134 -13.169682277137314 -13.151459516765748 -13.139267637111534
-13.392535192443457 -13.353285309404951 -13.313804474178932 -13.272524115875310 -13.235123191274274 -13.227023560270746 -13.192553445718643 -13.176567374152988 -13.153444862435935 -13.144272905750132
-13.392535192443566 -13.353290570877574 -13.313940376932345 -13.273396947499117 -13.235308098800560 -13.229534529416616 -13.193764782184363 -13.181256611463834 -13.154695260485827 -13.147545791763191
-13.392535192443688 -13.353293258012020 -13.314016085715121 -13.273948272818060 -13.235445228404467 -13.231310971175770 -13.194773094113614 -13.184816384976999 -13.155612977002455 -13.150490820366723
-13.392535192443814 -13.353295517980241 -13.314083459801418 -13.274492780483236 -13.235535237912282 -13.233254474854570 -13.195496325001251 -13.188962872473613 -13.156374663438340 -13.152788969388741
-13.392535192443876 -13.353296370368650 -13.314110542388514 -13.274734169610628 -13.235588193026945 -13.234208494585703 -13.196009432640947 -13.191152630015679 -13.156778958534618 -13.154702152318608
-13.392535192443997 -13.353297023795664 -13.314132574983821 -13.274954818586213 -13.235618155773325 -13.235208304436101 -13.196323348100035 -13.193695033440640 -13.157129985207298 -13.155998784863197
-13.392535192444075 -13.353297258624496 -13.314140763906645 -13.275043427073776 -13.235647730131419 -13.235627343859289 -13.196486947180018 -13.194782699093246 -13.157326716496026 -13.156694467926718
-13.392535192444104 -13.353297365440481 -13.314144495764808 -13.275083738127353 -13.235837737405337 -13.235636236915706 -13.196521197203623 -13.195248851330787 -13.157424130595514 -13.156744275705709
-13.392535192444106 -13.353297404105376 -13.314145390969422 -13.275086125587485 -13.235799189942107 -13.235631210555324 -13.196446198069857 -13.194964236358782 -13.157389436337676 -13.156200509079724
-13.392535192444136 -13.353297166830114 -13.314131137386353 -13.274866267300805 -13.235615645103804 -13.234437923519712 -13.196144418398401 -13.190757846888625 -13.156990909050570 -13.154683521090728
-13.392535192444164 -13.353296723656561 -13.314108474739882 -13.274583810682207 -13.235570082793071 -13.233082260637973 -13.195574072122429 -13.187442572795675 -13.156392538223070 -13.152298850859722
-13.392535192444191 -13.353295407727407 -13.314049987423585 -13.273980824914107 -13.235499071847933 -13.230670927931477 -13.194815543619468 -13.182096506097491 -13.155641501171761 -13.149538950963972
-13.392535192444203 -13.353292679699079 -13.313945087995117 -13.273086238855148 -13.235356227547863 -13.227644625744961 -13.193557509489320 -13.176034299506501 -13.154494069510486 -13.145599008477220
-13.392535192444214 -13.353283002913551 -13.313644958574411 -13.271048503268354 -13.234870871004059 -13.221793759003692 -13.190436050788728 -13.165112441950946 -13.150632083281737 -13.137814368144271
-13.392535192444265 -13.353268179569310 -13.313265338039903 -13.268948701409194 -13.234260036927248 -13.216538488980191 -13.187189728866969 -13.156002123235524 -13.147316896631931 -13.130399571437712
-13.392535192444592 -13.353225252136831 -13.312411960590312 -13.265286438170813 -13.232827041326788 -13.208849738873056 -13.180729136951232 -13.144097370003017 -13.142726155520535 -13.116738494669772
-13.392535192444763 -13.353153280556702 -13.311261322614730 -13.261087431242446 -13.230934028267987 -13.200549541245442 -13.173592802266054 -13.136620883972009 -13.130996905990264 -13.103046382717794
-13.392535192444894 -13.353006604937406 -13.309431326552168 -13.255686114431850 -13.226977664992271 -13.190641004035124 -13.161379828329197 -13.126148719921119 -13.115398565334296 -13.081185952514014
-13.392535192444953 -13.352372744327644 -13.303430539156786 -13.239509535282227 -13.221801748231629 -13.163913910617868 -13.145615597817555 -13.112003824905923 -13.076717152883733 -13.053883525253216
-13.392535192444964 -13.351523172372767 -13.297375535133902 -13.224212885728843 -13.212754147245695 -13.136421063569381 -13.125240243815309 -13.081536403128950 -13.035503551365634 -13.023521529872099
-13.392535192444974 -13.347921912117016 -13.278281150845682 -13.202732886416676 -13.180716533457728 -13.102568101768499 -13.068680300511407 -13.049283075745922 -12.985910352756372 -12.947115580841837
-13.392535192444958 -13.344027572508756 -13.261461244735996 -13.171507863587218 -13.147294652372397 -13.044631260385305 -13.014704310533979 -12.974802073116537 -12.898997038683234 -12.874471107400774
-13.392535192444962 -13.328182548217328 -13.209449357543175 -13.107600275658971 -13.052667774182124 -12.950120206040317 -12.877420707256462 -12.832112980856028 -12.774674608622558 -12.734062192199987
-13.392535192444971 -13.282591270517832 -13.094374855200188 -12.958987844536708 -12.867343089088919 -12.731956057195646 -12.645263179203736 -12.543739700199659 -12.509876138416306 -12.474385930456430
-13.392535192444971 -13.137604108850795 -12.821267253865853 -12.602149992452871 -12.519442323759272 -12.300325062346031 -12.220211464503738 -12.001094203090235 -11.983988207361749 -11.729057123765729
-13.392535192444969 -13.137604108850800 -12.821267253865825 -12.602149992452830 -12.519442323759259 -12.300325062345998 -12.220211464503720 -12.001094203090222 -11.983988207361728 -11.729057123765728
-13.392535192444969 -13.282591270517832 -13.094374855200121 -12.958987844536678 -12.867343089088948 -12.731956057195708 -12.645263179203736 -12.543739700209372 -12.509876138540168 -12.474385931089520
-13.392535192444965 -13.328182548217285 -13.209449357543159 -13.107600275659067 -13.052667774182128 -12.950120206040321 -12.877420707256432 -12.832112980855994 -12.774674608622599 -12.734062191958957
-13.392535192444958 -13.344027572508743 -13.261461244736008 -13.171507863587269 -13.147294652372443 -13.044631260385309 -13.014704310534025 -12.974802073116525 -12.898997039839509 -12.874471107072024
-13.392535192444958 -13.347921912117094 -13.278281150845713 -13.202732886416591 -13.180716533457661 -13.102568101768398 -13.068680300511328 -13.049283075745882 -12.985910352756274 -12.947115571577806
-13.392535192444948 -13.351523172372762 -13.297375535133842 -13.224212885728885 -13.212754147245654 -13.136421063570859 -13.125240243816249 -13.081536403132185 -13.035503533649839 -13.023521527657705
-13.392535192444956 -13.352372744327667 -13.303430539156903 -13.239509535283929 -13.221801748232153 -13.163913910642043 -13.145615597845946 -13.112003824109884 -13.076717152297192 -13.053883498666615
-13.392535192444946 -13.353006604937546 -13.309431326553455 -13.255686114458044 -13.226977664999032 -13.190641004695635 -13.161379828597337 -13.126148716965602 -13.115398582514223 -13.081186003338155
-13.392535192444941 -13.353153280557233 -13.311261322620110 -13.261087431329951 -13.230934028281625 -13.200549543024545 -13.173592802716422 -13.136620891010340 -13.130996935697183 -13.103046394517490
-13.392535192444946 -13.353225252138841 -13.312411960635824 -13.265286439212769 -13.232827041429180 -13.208849761842613 -13.180729140946649 -13.144097759167503 -13.142726199691820 -13.116738646526908
-13.392535192444937 -13.353268179582233 -13.313265338509725 -13.268948712420871 -13.234260037548871 -13.216538715478313 -13.187189747395037 -13.156005898103514 -13.147316948721645 -13.130399959581069
-13.392535192444944 -13.353283002946579 -13.313644959804725 -13.271048528888672 -13.234870872576927 -13.221794210102317 -13.190436092448589 -13.165118923963604 -13.150632157224750 -13.137815231219280
-13.392535192444933 -13.353292679927849 -13.313945097175631 -13.273086409748988 -13.235356242306411 -13.227647089478594 -13.193557850727984 -13.176062686763355 -13.154494834795244 -13.145604269495999
-13.392535192444946 -13.353295408534562 -13.314050020193594 -13.273981389671578 -13.235499127856016 -13.230677935001520 -13.194816674155900 -13.182165167646989 -13.155643479943855 -13.149553517052135
-13.392535192444919 -13.353296725706029 -13.314108557978548 -13.274585158562612 -13.235570257787630 -13.233096783514164 -13.195577272159701 -13.187563711814066 -13.156396800503268 -13.152334522307216
-13.392535192444914 -13.353297177486505 -13.314131573149334 -13.274872896915584 -13.235616234111790 -13.234499276682612 -13.196153160330789 -13.191171738697109 -13.157005672467584 -13.154762067855865
-13.392535192444925 -13.353297437386724 -13.314146717562668 -13.275104825664723 -13.235943667663490 -13.235633741895612 -13.196477393341057 -13.195715366382583 -13.157444198297071 -13.156377147215425
-13.392535192444925 -13.353297455786132 -13.314147998857019 -13.275130033767329 -13.236159798129592 -13.235640238679942 -13.196705305671209 -13.196545839750764 -13.157553826190869 -13.157046504232767
-13.392535192444941 -13.353297461508852 -13.314148425291162 -13.275139371252275 -13.236252421698495 -13.235642399842950 -13.197163132171255 -13.196608269833170 -13.157659043222987 -13.157369417007898
-13.392535192444926 -13.353297464768993 -13.314148663491222 -13.275144591317691 -13.236305566041274 -13.235643011393860 -13.197447606789959 -13.196624145419907 -13.157825778112764 -13.157640244913614
-13.392535192444928 -13.353297464056222 -13.314148599368725 -13.275142911027531 -13.236285278809639 -13.235642618496337 -13.197318546880112 -13.196613865861236 -13.157676784182168 -13.157427795483681
-13.392535192444946 -13.353297459423201 -13.314148236787947 -13.275134583796351 -13.236197770537574 -13.235640841309507 -13.196845260358904 -13.196564458259463 -13.157569116390794 -13.157128760007460
-13.392535192444960 -13.353297444855672 -13.314147173270319 -13.275112610971689 -13.235999857811835 -13.235635434265410 -13.196502306611951 -13.195910261126585 -13.157469014743462 -13.156502221959878
-13.392535192444951 -13.353297403619107 -13.314144382018487 -13.275061265083588 -13.235649143024924 -13.235578301937759 -13.196300145975544 -13.194390900352278 -13.157304070248601 -13.155365943554326
-13.392535192444992 -13.353297293350256 -13.314137557738626 -13.274951764684431 -13.235603481275183 -13.234889463143093 -13.195923018038158 -13.192091543203361 -13.157000431289251 -13.153563481287508
-13.392535192444985 -13.353297002477234 -13.314121575512871 -13.274734684755346 -13.235536286446267 -13.233727306576171 -13.195145648210204 -13.188869897994003 -13.156348188966883 -13.150507713332207
-13.392535192445006 -13.353293672856609 -13.313978971737443 -13.273341527309794 -13.235372804490352 -13.228417554470866 -13.193676175381007 -13.177480663224820 -13.154599653355765 -13.145911285572504
-13.392535192445013 -13.353287393108438 -13.313772353814842 -13.271881769138343 -13.235050911905784 -13.224168310958133 -13.191349581388449 -13.169687102944101 -13.152673537141217 -13.139601344987557
-13.392535192444996 -13.353269937971922 -13.313302558146903 -13.269116564076775 -13.234301867936455 -13.216879776230851 -13.187373750728955 -13.156479650246402 -13.147489530239937 -13.130763442917672
-13.392535192445003 -13.353227528921940 -13.312449971948530 -13.265427844716241 -13.232870691485184 -13.209110361443599 -13.180888052524638 -13.144414832959287 -13.142910726976838 -13.117029388618775
-13.392535192445001 -13.353157395759229 -13.311315767748450 -13.261242120231914 -13.231009527828956 -13.200773198438055 -13.173863004718665 -13.136709775177604 -13.131255117681997 -13.103541447280623
-13.392535192444994 -13.353011728179592 -13.309485430519150 -13.255808896051757 -13.227021412736871 -13.190785533489846 -13.161536018544599 -13.126181438851766 -13.115533396174824 -13.081455020915280
-13.392535192444987 -13.352376632424374 -13.303460903030812 -13.239593319030988 -13.221832313529776 -13.164077598843203 -13.145679988253685 -13.112014230113834 -13.076967610341116 -13.053972755001324
-13.392535192444992 -13.351524315626390 -13.297382579557373 -13.224220818634661 -13.212768912287551 -13.136425631102453 -13.125275665515922 -13.081537859071057 -13.035509726710824 -13.023571382452715
-13.392535192444981 -13.347919236540994 -13.278269582648896 -13.202736265313462 -13.180702164359419 -13.102568231388036 -13.068665109071517 -13.049334205736443 -12.985898908464900 -12.947107105470064
-13.392535192444978 -13.344027470222182 -13.261460904997943 -13.171507944449605 -13.147294170207669 -13.044631191617352 -13.014703838133222 -12.974802245844200 -12.898996927257091 -12.874470994423083
-13.392535192444988 -13.328182547840736 -13.209449355295677 -13.107600272474567 -13.052667769296594 -12.950120193778130 -12.877420701004146 -12.832112977677040 -12.774674591398664 -12.734062172022680
-13.392535192444994 -13.282591270517157 -13.094374855196117 -12.958987844534255 -12.867343089082366 -12.731956057188453 -12.645263179198295 -12.543739700174864 -12.509876138600148 -12.474385940653669
-13.392535192444997 -13.137604108850853 -12.821267253865903 -12.602149992452928 -12.519442323759359 -12.300325062346053 -12.220211464503812 -12.001094203090286 -11.983988207361792 -11.729057123765825
