-22.949895096961768 -22.659378483396704 -22.347960770046232 -22.137313544938188 -22.051747076656113 -21.840790724976276 -21.755841191930674 -21.544850377356674 -21.530426928282235 -21.237853891948749
-22.949895097017290 -22.812579417444137 -22.602990948554048 -22.492647060611986 -22.363373400410762 -22.233296279113244 -22.137629726269605 -22.088400035299340 -22.021075634783696 -21.931613827399165
-22.949895097040066 -22.856208442195410 -22.693819114027502 -22.646892756305693 -22.505080033065806 -22.452780388572787 -22.354921335103366 -22.309757667154777 -22.248650213007515 -22.167927411908774
-22.949895097098000 -22.893764598101907 -22.784942907526290 -22.728015223669647 -22.647466600479603 -22.580179832936228 -22.510751719689328 -22.495971834104264 -22.418619719199665 -22.349649221904226
-22.949895097205122 -22.907923538917565 -22.825631356454128 -22.772982059746582 -22.718440286662805 -22.655285844097214 -22.601194859924789 -22.595472162318156 -22.523339597124600 -22.473729541892212
-22.949895097273043 -22.913966248123355 -22.844896527994479 -22.797384431095985 -22.752998277408139 -22.699636650418839 -22.658348151005569 -22.645130087501450 -22.588705216991205 -22.548386531776810
-22.949895097326806 -22.917859865674721 -22.859035851798787 -22.807532885617096 -22.779691895119580 -22.720200295251399 -22.688368612762964 -22.675387251396430 -22.620141168828390 -22.596608245507486
-22.949895097360429 -22.919943360030800 -22.867112763087594 -22.817664350026796 -22.795719533224485 -22.741943585478797 -22.713107185540476 -22.698381915351483 -22.654206006166621 -22.629216409685139
-22.949895097382399 -22.921180451194353 -22.872146641002182 -22.823510546691868 -22.805925040326294 -22.753343032691095 -22.729084572938905 -22.713323909758483 -22.672509129650393 -22.654337009524912
-22.949895097403775 -22.922317149289068 -22.876892494432450 -22.827810889734991 -22.815561109327021 -22.762791286488991 -22.744284325787131 -22.724378628725475 -22.687735726368054 -22.673062669658911
-22.949895097430765 -22.923242012585327 -22.880818934312963 -22.834093334105667 -22.823343879956447 -22.774786260436009 -22.756935470111532 -22.737973222458859 -22.706178617808593 -22.687874852519681
-22.949895097455911 -22.924003836604449 -22.884287994021065 -22.838816047837369 -22.830102294306119 -22.783839964548299 -22.768231275055438 -22.748211171440516 -22.720275899489106 -22.700775502349547
-22.949895097474073 -22.924246179916278 -22.885437467184367 -22.841600199782871 -22.832893113688364 -22.789059337685192 -22.772964075491089 -22.755103787120049 -22.728294961630741 -22.709361051304310
-22.949895097487722 -22.924606550364221 -22.887156583616445 -22.843589136156002 -22.836165170488588 -22.793493767205213 -22.778636488615035 -22.759142172940717 -22.735560632006138 -22.716192565764008
-22.949895097507753 -22.924954782590273 -22.888846667929727 -22.845134125247260 -22.839620650241404 -22.796051890765685 -22.784630871398171 -22.763464419449846 -22.739652733292765 -22.724359651211511
-22.949895097534643 -22.925375269329724 -22.890967785452528 -22.847856961775406 -22.843752615162273 -22.801099859725522 -22.792303436675262 -22.768194628839321 -22.747752464066892 -22.735396279623931
-22.949895097582775 -22.925752548276868 -22.892907873798883 -22.851264538623141 -22.846690351127869 -22.805936396232422 -22.798837241616646 -22.774544433904936 -22.755259618170864 -22.744838752059721
-22.949895097630574 -22.926089618506168 -22.894751660945914 -22.854829426650547 -22.848869162471026 -22.810217009452099 -22.804794824087924 -22.779074405729514 -22.761403499374605 -22.753914708247468
-22.949895097681885 -22.926341968087094 -22.896214202658538 -22.858035135423165 -22.850388140760451 -22.814701554240351 -22.808981842718893 -22.783378209066978 -22.767515409795326 -22.760948596252486
-22.949895097727239 -22.926496763861124 -22.897159025585605 -22.860173226184791 -22.851573490799570 -22.818044569616493 -22.811968477942155 -22.786200628218211 -22.772228795946994 -22.765908148066277
-22.949895097798990 -22.926655218424262 -22.898155361196675 -22.862556529871409 -22.852764796266396 -22.822102860520349 -22.814755987028317 -22.789826916223877 -22.778158169474601 -22.770549902259653
-22.949895097860598 -22.926756650739222 -22.898827273431536 -22.864129416771366 -22.854039029912322 -22.824786904483890 -22.818027728631733 -22.792677027865604 -22.782434563749238 -22.775626845581652
-22.949895097937453 -22.926883545822651 -22.899690859793665 -22.866176124930490 -22.854895636753518 -22.828005691643540 -22.820332887428208 -22.795338343851387 -22.786687704040283 -22.779750121183291
-22.949895098064818 -22.927043607280066 -22.900848077811258 -22.869063578633504 -22.855896530215379 -22.832916318007115 -22.822799393639627 -22.798753976342248 -22.793523884114773 -22.784058814311585
-22.949895098144623 -22.927138016272092 -22.901601850327090 -22.870947556485675 -22.856493955647963 -22.835874810643130 -22.824725079811493 -22.800576700593467 -22.797344303663813 -22.787786983365745
-22.949895098213148 -22.927186359817576 -22.902009120741447 -22.872038580204258 -22.857091861110614 -22.837753587409988 -22.826442838356730 -22.802160695378596 -22.799902313862361 -22.790787632264347
-22.949895098295933 -22.927228588300803 -22.902378898595497 -22.873054719921683 -22.857644631497344 -22.839518245644264 -22.828190953980194 -22.803900244643486 -22.802265724057484 -22.793937462607815
-22.949895098457883 -22.927310834718774 -22.903158802359467 -22.875338249532678 -22.858119340690934 -22.843706019811478 -22.829516577691631 -22.808741796184854 -22.805903649752100 -22.796369322258524
-22.949895098567367 -22.927347235974501 -22.903538050719444 -22.876506256305486 -22.858516721274146 -22.845826153513535 -22.830836042152615 -22.811555546601770 -22.807393828072207 -22.798922722931266
-22.949895098662676 -22.927371869033859 -22.903811652660885 -22.877408227132044 -22.858762581181530 -22.847569482695057 -22.831666810527157 -22.814106246303407 -22.808434206497044 -22.800508813959112
-22.949895098762912 -22.927391685595836 -22.904044051092516 -22.878194255465484 -22.859047754150172 -22.849031591695461 -22.832729821998257 -22.815929833864633 -22.809488437502775 -22.802609360815897
-22.949895098819304 -22.927403154259153 -22.904186716927381 -22.878696193801712 -22.859196357132838 -22.849947062315078 -22.833330266443102 -22.816887776980323 -22.810102530545809 -22.803784109158407
-22.949895098928685 -22.927417053961427 -22.904362485029633 -22.879341763233978 -22.859396366016540 -22.851178738539598 -22.834044106138503 -22.818393098233539 -22.810978210038758 -22.805119594780962
-22.949895099004227 -22.927425080050281 -22.904468100576693 -22.879738975371804 -22.859523765155533 -22.851886558103477 -22.834506325530548 -22.819015670822456 -22.811592819423730 -22.805903900546582
-22.949895099099194 -22.927432788044225 -22.904571838079647 -22.880127318662861 -22.859665703616283 -22.852513564281175 -22.835032747475385 -22.819398957306401 -22.812115056684252 -22.806683127427739
-22.949895099184541 -22.927440032870781 -22.904675188277533 -22.880540287592595 -22.859780461048889 -22.853275983354500 -22.835471971566182 -22.820244679724304 -22.812636070855522 -22.807409094434277
-22.949895099241189 -22.927444391422505 -22.904738471204713 -22.880777044384804 -22.859836473488006 -22.853574508541026 -22.835658568759914 -22.820147001067301 -22.812858047213975 -22.807529635099861
-22.949895099317214 -22.927449041577347 -22.904807264573765 -22.881045526800559 -22.859890839270754 -22.853983543515898 -22.835797426854409 -22.820392664236604 -22.813095551319300 -22.807501311931226
-22.949895099393370 -22.927452123307553 -22.904850620185758 -22.881196272230710 -22.859946361216345 -22.854144761475343 -22.835973659919873 -22.820362653672536 -22.813288771884928 -22.807712355924611
-22.949895099471657 -22.927454789793764 -22.904888626530457 -22.881344502286510 -22.859978871545419 -22.854431940611370 -22.836054505883411 -22.820834616776764 -22.813421154865413 -22.807824919566443
-22.949895099547192 -22.927456342253141 -22.904906516645493 -22.881403339508239 -22.859997602653131 -22.854600658346062 -22.836088616926443 -22.821366733652727 -22.813517994728397 -22.808007725734271
-22.949895099575830 -22.927456440435979 -22.904898554372103 -22.881318682827548 -22.859972306706645 -22.854336523697025 -22.835862556420707 -22.820899620953870 -22.813357778414954 -22.807357726197573
-22.949895099604742 -22.927455893414329 -22.904873936552985 -22.881143034257715 -22.859902045018483 -22.853910781342218 -22.835354134170487 -22.820392594165707 -22.813033597850662 -22.806038348452464
-22.949895099625063 -22.927454335101274 -22.904825436068222 -22.880828250963532 -22.859834036517899 -22.853103502034301 -22.834924788505155 -22.819140314690213 -22.812580922434716 -22.805051813112037
-22.949895099651911 -22.927450742955802 -22.904730931506897 -22.880299835109287 -22.859742462658687 -22.851960788086178 -22.834410101491560 -22.817915374199611 -22.811993407510649 -22.803979816365295
-22.949895099662452 -22.927447067821358 -22.904641633470820 -22.879823043537996 -22.859632830067035 -22.850872496290609 -22.833796525204217 -22.816410539179664 -22.811348439000316 -22.802680845921941
-22.949895099669778 -22.927441996728398 -22.904527528772345 -22.879256901535857 -22.859442052336583 -22.849624286414713 -22.832792313552073 -22.814721043406927 -22.810521456888136 -22.800492320312411
-22.949895099675135 -22.927435109478441 -22.904382380413114 -22.878569869941092 -22.859228810043426 -22.848100156742149 -22.831774953529962 -22.812525702395519 -22.809529094834620 -22.798377548301190
-22.949895099677875 -22.927425158698856 -22.904187856399918 -22.877699495385876 -22.858983886225182 -22.846175630768695 -22.830670687136497 -22.809546714957403 -22.808319219956804 -22.796088703430325
-22.949895099679452 -22.927410931827097 -22.903937098383413 -22.876687211326903 -22.858612852834355 -22.844067843162165 -22.829089633735425 -22.807067629208834 -22.806159584738520 -22.792825555529159
-22.949895099682116 -22.927393476163765 -22.903654769719910 -22.875608377606124 -22.858047160739027 -22.841838224386940 -22.826948695785177 -22.805122984313158 -22.802726935474347 -22.788797288151109
-22.949895099683609 -22.927360093762129 -22.903174245967790 -22.873946700095246 -22.857502375928927 -22.838665600700967 -22.824911824546906 -22.803165565496030 -22.798059715768094 -22.784787037204598
-22.949895099684440 -22.927312677186155 -22.902569043808764 -22.872015533169378 -22.856777275831043 -22.835103005722196 -22.822367703496479 -22.800844272196397 -22.792762287898800 -22.779912009039617
-22.949895099685140 -22.927198263982277 -22.901328995431971 -22.868312161863713 -22.854545357201964 -22.828096475374874 -22.816084068966610 -22.794785458794500 -22.781809774024723 -22.769420272744995
-22.949895099685691 -22.927116723497925 -22.900569886121669 -22.866594559665021 -22.853748347135692 -22.825903448952381 -22.813279274660410 -22.792906485446586 -22.779223783653844 -22.764169578631211
-22.949895099686543 -22.926908669963449 -22.898782368978402 -22.861916151154677 -22.852250312606795 -22.818052208595233 -22.808629570720480 -22.788923650517926 -22.767771113560432 -22.755731273817311
-22.949895099686739 -22.926735950441245 -22.897462898527266 -22.858874720216175 -22.850334873019875 -22.813104577107733 -22.803433201210066 -22.784328238141370 -22.760052425400033 -22.747204084942560
-22.949895099687719 -22.926494777698359 -22.895780730393213 -22.855309197838242 -22.847826187180093 -22.807413308988668 -22.797223093072155 -22.776547179614145 -22.751292775000149 -22.737500057194264
-22.949895099693848 -22.926095791010070 -22.893270131084630 -22.849325784666707 -22.843535411420579 -22.796501591202730 -22.788345576116313 -22.765229337498116 -22.734121897364524 -22.724483545655087
-22.949895099697798 -22.925659698867893 -22.890741608511160 -22.844892747055525 -22.839114613182002 -22.788936523644875 -22.779321465449637 -22.756937763894371 -22.722225067836568 -22.711080593502732
-22.949895099698505 -22.924663048986524 -22.885549283089215 -22.840343514493227 -22.827799480153594 -22.780088943708535 -22.759608010924044 -22.746809243251032 -22.708057987579362 -22.683319705744502
-22.949895099698999 -22.923708118847994 -22.880962190294245 -22.835419378813643 -22.818640820847140 -22.769966736978141 -22.744388911683952 -22.735228254922088 -22.692024933345980 -22.662352707827939
-22.949895099699461 -22.921387908970438 -22.870930144381639 -22.824400188169818 -22.799286205316690 -22.747399245908266 -22.715905487078910 -22.712725290137950 -22.656617542691588 -22.630407831870496
-22.949895099699496 -22.919045992623285 -22.861962340947606 -22.807974808849366 -22.782382777450337 -22.717569194970523 -22.690004679611068 -22.672447483163090 -22.611519050547532 -22.592110451994881
-22.949895099699479 -22.911968490836831 -22.837879508628518 -22.790717743911259 -22.738764220726942 -22.683339101009928 -22.642534285290310 -22.619276523742819 -22.561595247606451 -22.523143596250055
-22.949895099699475 -22.904999466488398 -22.816333048798835 -22.752304879780606 -22.697761697449081 -22.620433902743102 -22.568346051191259 -22.548484047683100 -22.468785648918917 -22.432518429370454
-22.949895099699496 -22.880823756563142 -22.759169556454871 -22.677310283003216 -22.600857138463276 -22.518567084024554 -22.424529913846008 -22.397773218496560 -22.342100715577203 -22.289564106373241
-22.949895099699493 -22.818652045770591 -22.630060576360773 -22.511210055040962 -22.403752883747888 -22.284902343494107 -22.182583503323876 -22.096310942385362 -22.063732953690035 -22.012478523029610
-22.949895099699493 -22.659653602728554 -22.348829180230492 -22.137822310796338 -22.052257469952323 -21.841250600517899 -21.755843286895555 -21.544836417460967 -21.530426178020512 -21.240184681047854
-22.949895099699496 -22.659653602728515 -22.348829180230485 -22.137822310796306 -22.052257469952295 -21.841250600517917 -21.755843286895573 -21.544836417460996 -21.530426178020516 -21.240184681047854
-22.949895099699489 -22.818652045770570 -22.630060576360680 -22.511210055041012 -22.403752883747771 -22.284902343494064 -22.182583503323968 -22.096310941788126 -22.063732953443793 -22.012478538059849
-22.949895099699503 -22.880823756563181 -22.759169556454914 -22.677310283003127 -22.600857138463375 -22.518567084024699 -22.424529913846023 -22.397773218496543 -22.342100715577143 -22.289564116197059
-22.949895099699475 -22.904999466488459 -22.816333048799013 -22.752304879780652 -22.697761697449202 -22.620433902743216 -22.568346051191160 -22.548484047682994 -22.468785648888975 -22.432518374649938
-22.949895099699472 -22.911968490836731 -22.837879508628404 -22.790717743911166 -22.738764220726964 -22.683339101009775 -22.642534285290274 -22.619276523742769 -22.561595247606441 -22.523143595900411
-22.949895099699500 -22.919045992623403 -22.861962340947692 -22.807974808849306 -22.782382777450277 -22.717569194970462 -22.690004679610933 -22.672447483163097 -22.611519050547162 -22.592110461822386
-22.949895099699511 -22.921387908970569 -22.870930144382051 -22.824400188170635 -22.799286205322250 -22.747399245921290 -22.715905487114060 -22.712725290188814 -22.656617542875072 -22.630407791503632
-22.949895099699496 -22.923708118848641 -22.880962190300053 -22.835419378833741 -22.818640820947401 -22.769966737460763 -22.744388913778565 -22.735228255272027 -22.692024946594895 -22.662352733770220
-22.949895099699503 -22.924663048987750 -22.885549283097127 -22.840343514541200 -22.827799480330558 -22.780088945040653 -22.759608016306878 -22.746809244094013 -22.708058023837030 -22.683319795688607
-22.949895099699503 -22.925659698870106 -22.890741608526337 -22.844892747307526 -22.839114613488334 -22.788936529766332 -22.779321479010388 -22.756937767235360 -22.722225230470080 -22.711080967293309
-22.949895099699482 -22.926095791016873 -22.893270131130460 -22.849325785834640 -22.843535412008322 -22.796501617506721 -22.788345613988010 -22.765229347269866 -22.734122544990630 -22.724484595352322
-22.949895099699489 -22.926494777713110 -22.895780730522681 -22.855309201266024 -22.847826188715718 -22.807413371241783 -22.797223193190465 -22.776547213047387 -22.751294030675691 -22.737502729884156
-22.949895099699500 -22.926735950463428 -22.897462899004161 -22.858874735975345 -22.850334877338177 -22.813104865904766 -22.803433528328402 -22.784328319253405 -22.760056941571204 -22.747212146567936
-22.949895099699518 -22.926908670004014 -22.898782370354748 -22.861916196846959 -22.852250321603716 -22.818053048375756 -22.808630265871059 -22.788923841501905 -22.767782566609203 -22.755748156728995
-22.949895099699518 -22.927116723627080 -22.900569891112752 -22.866594705394991 -22.853748371305461 -22.825906197794776 -22.813280576370509 -22.792907078985017 -22.779260678198295 -22.764196488320625
-22.949895099699518 -22.927198264354452 -22.901329009802836 -22.868312570123031 -22.854545396532224 -22.828104571003820 -22.816085892168942 -22.794786869657688 -22.781915648923928 -22.769457411502195
-22.949895099699525 -22.927312678409606 -22.902569086129446 -22.872016537271477 -22.856777373863270 -22.835119539237070 -22.822371633537660 -22.800847118835637 -22.792938167779248 -22.779983885995470
-22.949895099699493 -22.927360095669059 -22.903174306821100 -22.873948001854053 -22.857502503356649 -22.838685703650278 -22.824916101389178 -22.803169196780747 -22.798264573191169 -22.784860508426526
-22.949895099699475 -22.927393480483516 -22.903654899763801 -22.875610893857349 -22.858047401205667 -22.841874042740947 -22.826955376889799 -22.805133602335793 -22.803061417622651 -22.788898744054119
-22.949895099699429 -22.927410943320094 -22.903937437505007 -22.876693267097941 -22.858613365624770 -22.844145492403420 -22.829102009155708 -22.807170350377017 -22.806707652521560 -22.792994447734429
-22.949895099699432 -22.927425175723588 -22.904188337696624 -22.877707433519408 -22.858984596488572 -22.846270572546622 -22.830685933842489 -22.810270548626686 -22.808348797814940 -22.796285600884339
-22.949895099699436 -22.927435142859583 -22.904383300999438 -22.878583918640757 -22.859230228758726 -22.848253036465344 -22.831802283843714 -22.813586106972590 -22.809570079494680 -22.798691428037372
-22.949895099699425 -22.927442070005569 -22.904529484338987 -22.879284205581151 -22.859444962886325 -22.849889547934442 -22.832841466597863 -22.816358046172848 -22.810582774770960 -22.800989220602755
-22.949895099699361 -22.927447218214311 -22.904645535405049 -22.879873003182297 -22.859638042525077 -22.851306107971062 -22.833873466547178 -22.818789909496317 -22.811445850029497 -22.803375318478963
-22.949895099699390 -22.927451017668282 -22.904737812817263 -22.880380869613361 -22.859752252849379 -22.852593354134925 -22.834539695318551 -22.821048738241526 -22.812144039777618 -22.805016617261163
-22.949895099699358 -22.927455034148647 -22.904841924640071 -22.880997217746273 -22.859854695002682 -22.854214921511392 -22.835154215231558 -22.823888080880259 -22.812868509774905 -22.806575427672293
-22.949895099699354 -22.927457040579160 -22.904900124505460 -22.881388677242533 -22.859931951426965 -22.855356904456148 -22.835658638649281 -22.826034505844412 -22.813420620635174 -22.807898647189283
-22.949895099699358 -22.927458363817784 -22.904940931611105 -22.881683172247733 -22.860015983848086 -22.856262166258968 -22.836262696250433 -22.827775428442685 -22.813881053479058 -22.809572120376025
-22.949895099699368 -22.927459104541985 -22.904965561882811 -22.881879687077586 -22.860059038490096 -22.856920994563648 -22.836605010613923 -22.829106918050531 -22.814194114736395 -22.810599424738488
-22.949895099699390 -22.927459831708553 -22.904990250588547 -22.882085200327246 -22.860093550190758 -22.857634276695610 -22.836909439022026 -22.830558272705549 -22.814470205296693 -22.811584014574137
-22.949895099699404 -22.927460317401813 -22.905007727380166 -22.882244211898382 -22.860117743897685 -22.858233449921549 -22.837136216764762 -22.831829399792507 -22.814715843234382 -22.812356827500956
-22.949895099699383 -22.927460694672035 -22.905021845679936 -22.882380907549603 -22.860138102030650 -22.858780118199583 -22.837347970191843 -22.833016516906575 -22.814915011593417 -22.813143792663375
-22.949895099699358 -22.927460908860414 -22.905030482209384 -22.882473903575196 -22.860150567872555 -22.859193446676738 -22.837488226963011 -22.833976536450862 -22.815069797831349 -22.813705440966107
-22.949895099699340 -22.927461029423984 -22.905035583868848 -22.882532697830822 -22.860157924125748 -22.859472820847877 -22.837577490228856 -22.834641667659895 -22.815154432302307 -22.814086042390116
-22.949895099699308 -22.927461093144295 -22.905038332206686 -22.882565477198010 -22.860162484390418 -22.859632837192770 -22.837636293718450 -22.835013683358056 -22.815206553511970 -22.814353402563565
-22.949895099699305 -22.927461136794275 -22.905040181672938 -22.882587497643815 -22.860164922277534 -22.859743257029606 -22.837670175964082 -22.835291985025734 -22.815229688689474 -22.814531680846098
-22.949895099699347 -22.927461141840922 -22.905040248172948 -22.882586279638389 -22.860164614507035 -22.859725850529223 -22.837662275852370 -22.835219368402186 -22.815220321070360 -22.814483427678418
-22.949895099699319 -22.927461127452407 -22.905039295315664 -22.882570697411648 -22.860162602483712 -22.859629601550949 -22.837628365692375 -22.834956195958476 -22.815184267899518 -22.814298884779522
-22.949895099699273 -22.927461085035436 -22.905036895631149 -22.882535420448079 -22.860158541155045 -22.859426369397859 -22.837565987762243 -22.834399412127993 -22.815115613196813 -22.813981287148390
-22.949895099699255 -22.927461007542131 -22.905032769124073 -22.882479329189618 -22.860151610563754 -22.859129936336206 -22.837468348220778 -22.833641516236785 -22.815010806002910 -22.813524966990961
-22.949895099699255 -22.927460868111318 -22.905025779792808 -22.882391894208236 -22.860141251105837 -22.858704407920868 -22.837334208262952 -22.832590155221997 -22.814864863548937 -22.812944406864442
-22.949895099699230 -22.927460636925751 -22.905014946251747 -22.882268749323170 -22.860124991977376 -22.858160889803777 -22.837142606120743 -22.831327137773883 -22.814666648821248 -22.812181758073901
-22.949895099699223 -22.927460226865847 -22.904997206269453 -22.882087995368142 -22.860101472506919 -22.857442734163282 -22.836891533312059 -22.829761210822699 -22.814411523615579 -22.811276285103620
-22.949895099699209 -22.927459665847312 -22.904974473882280 -22.881876264030403 -22.860065257513586 -22.856665641885304 -22.836546913062573 -22.828133260589436 -22.814072286801892 -22.810136861076728
-22.949895099699226 -22.927458774637280 -22.904941010270147 -22.881594114022853 -22.860014418441384 -22.855714107928936 -22.836112679126675 -22.826226803209813 -22.813646947125477 -22.808808291963604
-22.949895099699226 -22.927457331360337 -22.904891405901029 -22.881218835430861 -22.859944216090522 -22.854552816749596 -22.835572488845767 -22.824001680072840 -22.813125226177430 -22.807267387909253
-22.949895099699255 -22.927455044097847 -22.904819911889181 -22.880733518158525 -22.859848381497070 -22.853165615057204 -22.834909378640376 -22.821454697812968 -22.812492915523386 -22.805498764131272
-22.949895099699209 -22.927451774771477 -22.904727106032688 -22.880165963156017 -22.859718425272032 -22.851652936237137 -22.834097772147928 -22.818766131044232 -22.811699460028709 -22.803460642683103
-22.949895099699191 -22.927447204428756 -22.904608751092454 -22.879505117679344 -22.859539077780749 -22.849982479389890 -22.833092366349383 -22.815863366772660 -22.810728170673364 -22.801087269877879
-22.949895099699201 -22.927440200625970 -22.904445049561886 -22.878675752737347 -22.859306843680741 -22.848007408730531 -22.831908460054343 -22.812588452959279 -22.809532780552928 -22.798413618574632
-22.949895099699180 -22.927427542053174 -22.904188132286812 -22.877541729227239 -22.858945888919358 -22.845558521268138 -22.830211176819372 -22.809254919520971 -22.807624734749250 -22.794724683694675
-22.949895099699180 -22.927409291914604 -22.903858851040745 -22.876200165232309 -22.858531091941337 -22.842737855525950 -22.828457882988452 -22.807225090156582 -22.803664513277621 -22.791077686916655
-22.949895099699230 -22.927375365842245 -22.903325879191776 -22.874158536806871 -22.857723839576433 -22.838406521284451 -22.825608316435936 -22.802646786506887 -22.796860383193138 -22.785936430203950
-22.949895099699226 -22.927332127403336 -22.902746047019761 -22.872266143335938 -22.856782426517437 -22.834849620894015 -22.822403007051161 -22.799761215400768 -22.791399087980427 -22.780009027545585
-22.949895099699258 -22.927253270351599 -22.901834187910897 -22.869669603281686 -22.855446074882369 -22.830485272850304 -22.817947119782399 -22.796579095302459 -22.785179691852377 -22.771695653374600
-22.949895099699258 -22.927164726399294 -22.900927596259599 -22.867212415481703 -22.854095868279284 -22.826239698972806 -22.813904505776513 -22.792808926437232 -22.778763653273757 -22.764670520897631
-22.949895099699248 -22.927019869780086 -22.899661212436047 -22.864391495375344 -22.851440878120748 -22.821506725053510 -22.806988964737009 -22.787745732199685 -22.771140850303599 -22.753324760558705
-22.949895099699262 -22.926605449111683 -22.896466858109580 -22.856664606118830 -22.848676067983362 -22.809419312256267 -22.798903756246208 -22.781437737605930 -22.753957503371151 -22.739628710791198
-22.949895099699262 -22.926236730321474 -22.894079578007325 -22.852503891472729 -22.844377344959742 -22.802542026976457 -22.789645036348666 -22.773488531463105 -22.742783121035131 -22.725935763845634
-22.949895099699251 -22.925721408221772 -22.891053004967212 -22.845362269303031 -22.839560438410214 -22.789541027241054 -22.780094071546721 -22.757685632104096 -22.722998084820578 -22.712047766958101
-22.949895099699255 -22.924753195205941 -22.885968119459626 -22.840593517449566 -22.828616988976492 -22.780466511164978 -22.760867185735457 -22.747244212828313 -22.708542611873419 -22.684840766994995
-22.949895099699230 -22.923891338152018 -22.881775864907915 -22.835649429317268 -22.820043132303059 -22.770316070090406 -22.746558793026509 -22.735600522658952 -22.692390105521536 -22.664353985715099
-22.949895099699223 -22.921419175241446 -22.871054771525944 -22.824308247555351 -22.799545148852502 -22.747222403085587 -22.716728641387967 -22.713587615061680 -22.656110681003700 -22.630571773442092
-22.949895099699241 -22.919055117246383 -22.861997230315438 -22.807972582530077 -22.782445972456912 -22.717561400127597 -22.690079887080728 -22.672471500468767 -22.611512696762997 -22.592155198149847
-22.949895099699223 -22.911968624429079 -22.837879956465418 -22.790717962937283 -22.738765148615165 -22.683339194739794 -22.642536918065339 -22.619277176444754 -22.561595385680963 -22.523142730602537
-22.949895099699219 -22.904999450688916 -22.816332963804669 -22.752304820944453 -22.697761562348454 -22.620433748266240 -22.568346008714663 -22.548483969743046 -22.468785446382920 -22.432518233258122
-22.949895099699226 -22.880823750703577 -22.759169521236664 -22.677310262460932 -22.600857069966871 -22.518567026935838 -22.424529832633546 -22.397773212394867 -22.342100644439249 -22.289564001067227
-22.949895099699198 -22.818652045771454 -22.630060576353934 -22.511210055039822 -22.403752883735173 -22.284902343485289 -22.182583503313264 -22.096310942392559 -22.063732952980732 -22.012478512024227
-22.949895099699198 -22.659653602728550 -22.348829180230393 -22.137822310796352 -22.052257469952156 -21.841250600517842 -21.755843286895349 -21.544836417460875 -21.530426178020402 -21.240184681048095
