-209.141874727606620 -208.573230306097884 -208.194954623058777 -207.837792194978817 -134.274664288621807 -133.545384672427190 -97.209540424556479 -96.696305402386528 -9.035513596946915 -8.678346193114006
-209.141874727648485 -208.868340277840247 -208.614130995646178 -208.439311729854069 -208.354542539736968 -208.179623764208628 -208.163026063961894 -207.987977483781464 -207.925781341150810 -207.734055909718421
-209.141874727819499 -208.967310119909598 -208.794952986479103 -208.691449474219780 -208.593959049363917 -208.473481473457070 -208.396452451966212 -208.346127606989057 -208.273636267467367 -208.215783476907518
-209.141874728128073 -209.005676559009231 -208.883014173109046 -208.811371189445595 -208.735135927564045 -208.661613309468152 -208.578921763886342 -208.561279628702664 -208.502676969175070 -208.411072094771498
-209.141874728320289 -209.019697291334893 -208.919231074835125 -208.866225473626770 -208.794202288223858 -208.739386726273182 -208.671500669220592 -208.654204789168944 -208.601618659990407 -208.533912795544040
-209.141874728526290 -209.027621009276601 -208.945220836848762 -208.887961858367674 -208.843129073908074 -208.776101355476612 -208.729516621876826 -208.721770254405129 -208.653614791773464 -208.607342242846215
-209.141874728701254 -209.030615086443845 -208.956386560604159 -208.902369903418105 -208.864954482355387 -208.804478177703601 -208.761942837469604 -208.752306910384988 -208.697217810474143 -208.653205851821355
-209.141874728880026 -209.032821565445204 -208.965931496387071 -208.908580697318627 -208.884748302705674 -208.817193601513139 -208.793026881765059 -208.767864752082346 -208.715778598110433 -208.694866518859470
-209.141874729039472 -209.033777049011462 -208.970546297305106 -208.916915619313045 -208.894719880853273 -208.837332657384735 -208.808977811927264 -208.783386132138531 -208.747006219561001 -208.717256855291652
-209.141874729244677 -209.034708857455428 -208.975838024946341 -208.922358073820874 -208.907224101327984 -208.851120400529908 -208.829514792854013 -208.799937861415373 -208.770249232696784 -208.745528843795000
-209.141874729328237 -209.035179411842591 -208.979463132805819 -208.925850904454677 -208.917470014449748 -208.861938549919984 -208.847985335675219 -208.809166234445485 -208.789762216698989 -208.772834764152691
-209.141874729351656 -209.035292297036165 -208.980493717164734 -208.926915244926249 -208.920938914940734 -208.865452404601115 -208.854978536485532 -208.813241867173645 -208.796634267819655 -208.783790167173748
-209.141874729379452 -209.035389155736993 -208.981473783129417 -208.928369790411750 -208.924543349501334 -208.871201756517735 -208.862476687538418 -208.818693635781642 -208.808755469995077 -208.795408724702583
-209.141874729406084 -209.035436444091602 -208.982070620667002 -208.928906692898693 -208.927240206411597 -208.873771366569201 -208.869066401898039 -208.821105081418523 -208.814865031057167 -208.806816559880616
-209.141874729444027 -209.035453362251843 -208.982306227903166 -208.929176076255629 -208.928484524704317 -208.875348670001557 -208.872580218634880 -208.822460700747229 -208.819280234349520 -208.813509898571056
-209.141874729483078 -209.035462687801015 -208.982443265368516 -208.929451474631662 -208.929181907947338 -208.876347891806802 -208.875161709705822 -208.823351263050000 -208.822191592672795 -208.818947616667316
-209.141874729539239 -209.035465741551178 -208.982492230465084 -208.929685789804552 -208.929313305158274 -208.876652125504478 -208.876303718732004 -208.823556079673580 -208.822822228821565 -208.821673377309224
-209.141874729577665 -209.035467601790771 -208.982518562145259 -208.929858539728968 -208.929342666141224 -208.877254952340877 -208.876461378975279 -208.824038657433789 -208.823752742959016 -208.822016360175411
-209.141874729592189 -209.035467764331059 -208.982517585064244 -208.929813791110661 -208.929328800050598 -208.876970343644416 -208.876123976126394 -208.823742125345944 -208.822835716905558 -208.820258366305012
-209.141874729613136 -209.035467275197533 -208.982493722846669 -208.929558860256321 -208.929215155892990 -208.876167486247112 -208.874492467046053 -208.823201603108572 -208.819917781994093 -208.815100096500828
-209.141874729672111 -209.035465786721431 -208.982440031505348 -208.929283508535690 -208.928802965015592 -208.874807984937945 -208.872095416484143 -208.822106844733383 -208.815070511574930 -208.809345609627286
-209.141874729739925 -209.035459662718438 -208.982257084590799 -208.928945969558214 -208.927295784168876 -208.872275658703131 -208.866642824837101 -208.819765541584474 -208.807450010389431 -208.797871002227794
-209.141874729765163 -209.035435528286627 -208.981714020374284 -208.928382489957130 -208.923960004051509 -208.868697788385106 -208.857413002782209 -208.816113541489045 -208.798351251960639 -208.781127699435984
-209.141874729766016 -209.035203269911761 -208.978662787463378 -208.924561885946162 -208.911928187254262 -208.853228534337006 -208.831882625688678 -208.801857306596645 -208.766857657122699 -208.740776905462127
-209.141874729765732 -209.030214921857265 -208.954209073063225 -208.896149009733676 -208.854937547566237 -208.796877364352781 -208.737660078913393 -208.720871565690231 -208.679599698625083 -208.610646724989351
-209.141874729765874 -209.014709239942533 -208.908478935551983 -208.837200421121253 -208.771612079964484 -208.700333565534095 -208.617783812788502 -208.594103259853938 -208.546505298174168 -208.462769131011981
-209.141874729765846 -208.973287505636762 -208.813957585044449 -208.711034523564109 -208.621209939050544 -208.518286877568556 -208.426125492373217 -208.358956955850601 -208.323202424566801 -208.259747554614222
-209.141874729765846 -208.868655219512021 -208.614694250656015 -208.439671918363814 -208.354982316615832 -208.179959984323688 -208.163196806058238 -207.988174473766463 -207.925999015468989 -207.734213504911708
-209.141874729765846 -208.761562235538577 -208.440447857568643 -208.196428278720532 -208.175547370695568 -207.931526852430238 -207.610412672064939 -207.230099003008945 -9.073104768202105 -8.829083139869851
-209.141874729765874 -208.761562235538861 -208.440447857568785 -208.196428278721072 -208.175547370695739 -207.931526852430181 -207.610412672064655 -207.230099003008888 -9.073104768202155 -8.829083139869866
-209.141874729765931 -208.868655219511879 -208.614694250655901 -208.439671918364041 -208.354982316616315 -208.179959984324398 -208.163196806058579 -207.988174473767316 -207.925999015469245 -207.734213504911338
-209.141874729765959 -208.973287505637728 -208.813957585046893 -208.711034523564052 -208.621209939050829 -208.518286877569267 -208.426125492364918 -208.358956949368775 -208.323202343072580 -208.259747659796375
-209.141874729766045 -209.014709239943016 -208.908478935551500 -208.837200421121622 -208.771612079964825 -208.700333565533469 -208.617783805293840 -208.594103256400842 -208.546503940720442 -208.462766104746038
-209.141874729765959 -209.030214921857606 -208.954209073062657 -208.896149009734216 -208.854937547565811 -208.796877364347097 -208.737658982253777 -208.720871120681551 -208.679595883257775 -208.610638964046501
-209.141874729766073 -209.035203269912529 -208.978662787462923 -208.924561885946360 -208.911928187254915 -208.853228534244124 -208.831882622950246 -208.801855794880026 -208.766853717762302 -208.740776025535297
-209.141874729765874 -209.035435528287621 -208.981714020378234 -208.928382489966452 -208.923960004084762 -208.868697788522695 -208.857413003117586 -208.816111954424883 -208.798350802677305 -208.781128272686743
-209.141874729765789 -209.035459664023364 -208.982257089047522 -208.928945974746625 -208.927295804640266 -208.872275684709820 -208.866642997139166 -208.819765981956266 -208.807453121216497 -208.797872689472655
-209.141874729765931 -209.035465813471802 -208.982440232920140 -208.929283748774338 -208.928804070399224 -208.874808709308752 -208.872101962317146 -208.822108563925923 -208.815076925652704 -208.809379085490264
-209.141874729765931 -209.035467356427574 -208.982494569668347 -208.929563198476018 -208.929217803140943 -208.876177405496094 -208.874525954652455 -208.823205397351131 -208.819969613483124 -208.815277504060987
-209.141874729765817 -209.035467983185271 -208.982520593815877 -208.929836911005168 -208.929333217205794 -208.877066343295979 -208.876195373235333 -208.823802638626944 -208.823138745836445 -208.820731389908701
-209.141874729766215 -209.035468094092096 -208.982525961760558 -208.929917474312361 -208.929352699653350 -208.877537925632680 -208.876580736865435 -208.824844039899602 -208.823936874616550 -208.822828758594881
-209.141874729766556 -209.035468138584918 -208.982528230990880 -208.929955213052210 -208.929361286417503 -208.877821717480430 -208.876754190425288 -208.825938670592421 -208.824391115099530 -208.823750061593586
-209.141874729766300 -209.035468145652061 -208.982528632276740 -208.929963116595133 -208.929362784951564 -208.877899668368684 -208.876789360542034 -208.826367559732148 -208.824652316400119 -208.823828070953084
-209.141874729766386 -209.035468147273122 -208.982528725038691 -208.929965065998289 -208.929363092186804 -208.877921328247339 -208.876797264595126 -208.826511958729753 -208.824730410868113 -208.823853636252551
-209.141874729766187 -209.035468147368960 -208.982528728822246 -208.929965110804886 -208.929363087558528 -208.877921439006030 -208.876796849498163 -208.826509775108519 -208.824718116659938 -208.823842852329562
-209.141874729766329 -209.035468146580428 -208.982528668902972 -208.929963663818313 -208.929362714894069 -208.877903815792763 -208.876786066535686 -208.826385740316169 -208.824627209707614 -208.823819152713781
-209.141874729766357 -209.035468141317381 -208.982528312144325 -208.929956091761483 -208.929360799530542 -208.877826760747780 -208.876737859601974 -208.825968537565785 -208.824320455781532 -208.823634855631582
-209.141874729766187 -209.035468115552106 -208.982526733327575 -208.929927339661504 -208.929352689425627 -208.877600680230046 -208.876558374816511 -208.825102029432031 -208.823925894717036 -208.822552551178660
-209.141874729766243 -209.035467921647040 -208.982516953531018 -208.929770845342176 -208.929318029358853 -208.876614181338084 -208.875897963981487 -208.823560684140261 -208.821328532499336 -208.819285249713886
-209.141874729766073 -209.035467202888697 -208.982486093212998 -208.929446760486371 -208.929158679606388 -208.875455835005738 -208.873889499939168 -208.822746336976905 -208.817068588845473 -208.813297106102084
-209.141874729766300 -209.035464475373743 -208.982389512093960 -208.929113304475607 -208.928302347043598 -208.873410026728038 -208.869902999257306 -208.821070160218682 -208.810372294683219 -208.804107138358830
-209.141874729766471 -209.035405333779124 -208.981263622106297 -208.927878483258439 -208.921752878674255 -208.867247261550602 -208.851938437977935 -208.812837594033113 -208.795530430758333 -208.771661250858898
-209.141874729766641 -209.034654158492316 -208.974568160634021 -208.920516924702724 -208.900134196642028 -208.845449767645363 -208.810292380080625 -208.785239972985352 -208.754489830534084 -208.709072954725457
-209.141874729766613 -209.030214949480836 -208.954209049822168 -208.896147204825070 -208.854937200338213 -208.796867827494737 -208.737659450597505 -208.720865926405423 -208.679580953150804 -208.610628140866083
-209.141874729766670 -209.014709239567452 -208.908478933047348 -208.837200417433081 -208.771612074725368 -208.700333553855444 -208.617783805970163 -208.594103258755922 -208.546505280697431 -208.466933641518267
-209.141874729766528 -208.973287505634630 -208.813957585040185 -208.711034523562205 -208.621209939043979 -208.518286877565004 -208.426125492129188 -208.358956954840579 -208.323202429231884 -208.259747653338593
-209.141874729766357 -208.868655219512021 -208.614694250656157 -208.439671918364184 -208.354982316616201 -208.179959984324739 -208.163196806059034 -207.988174473767089 -207.925999015469387 -207.734213504912219
-209.141874729766414 -208.761563174035729 -208.440449463891895 -208.196427829888393 -208.175547915189867 -207.931526281171102 -207.610412571049920 -207.230101015259521 -9.073104765993049 -8.829083131962904
