-81.265828628033759 -80.089180395187952 -79.102704335358155 -78.165836592763725 -77.448620669179206 -76.882498347460242 -76.199790443068963 -75.179970688391705 -74.913391120504372 -74.075320828309671
-81.265832538336383 -80.514577099574254 -79.936233797066649 -79.335540913891833 -78.312548168980229 -78.142825352699091 -78.066343404132056 -77.884605433994139 -77.462909103618387 -77.409343451898295
-81.265887054161809 -80.709239417332654 -80.309825214002785 -79.971101856771199 -79.140746654801163 -79.080343408795983 -78.866527678661498 -78.584401070014906 -78.444890383156476 -77.927650113347994
-81.265938173092920 -80.812504379552720 -80.553517501070047 -80.217932447076748 -79.814882014787329 -79.722138014108452 -79.354468220707147 -79.242010622011335 -78.770888881318953 -78.645749467858550
-81.265987948667771 -80.849219082454681 -80.620969102802150 -80.348115540518720 -79.985268378914427 -79.952238713799801 -79.617679537051558 -79.555386752515204 -79.099594813756667 -79.080114355849943
-81.266015140146692 -80.860768624873359 -80.642457239013865 -80.394275202037988 -80.060009398741357 -80.025494593987673 -79.728519030803611 -79.656572585374349 -79.292968482211805 -79.209123166688940
-81.266043472560227 -80.871306162475307 -80.667096502828400 -80.430734637121475 -80.118091638682586 -80.106554712245412 -79.809608219723600 -79.753658845703384 -79.410158792893824 -79.374018614070621
-81.266077512085161 -80.883027146846132 -80.684598277385348 -80.474661784459016 -80.183936114509905 -80.149154851695783 -79.907882896272483 -79.827239906289535 -79.543639220524284 -79.473507409575191
-81.266109246801065 -80.891816027792515 -80.701580295368913 -80.506314757971907 -80.227296208160126 -80.199604454571741 -79.976230997308406 -79.889381570451746 -79.619437631372222 -79.583714518814773
-81.266145992616700 -80.900348199472816 -80.720066985609364 -80.536673559218542 -80.275720876539253 -80.248956272979214 -80.038943083900548 -79.952413852599648 -79.709049056742515 -79.692731136349920
-81.266188194610351 -80.906627791063173 -80.734607244316365 -80.558820578102669 -80.312463020871505 -80.280856634486881 -80.090556427001090 -80.002864000760738 -79.774777157358145 -79.759165439861022
-81.266239122764091 -80.914075702792545 -80.750378235570537 -80.584908587390359 -80.355229392465532 -80.315269436904359 -80.146652232947190 -80.057159622311701 -79.859118451722409 -79.829560001456045
-81.266277301470339 -80.919146444312460 -80.760340623002932 -80.603869034560205 -80.380614214177271 -80.338442830606780 -80.188124515900327 -80.091597153912005 -79.904928539631143 -79.875023775242525
-81.266336694011343 -80.925110952618539 -80.774929111843377 -80.622143509947634 -80.412162535868191 -80.366505307672398 -80.227311182693782 -80.138282335920891 -79.955259711483421 -79.927172146900531
-81.266389499871323 -80.931303038360781 -80.788255026362478 -80.643653151887563 -80.446771195935980 -80.394527893756660 -80.271527820298772 -80.179655316404450 -80.008602861878160 -79.982578526532592
-81.266432735031373 -80.935230665632218 -80.797297726067825 -80.655972071208211 -80.467164114883559 -80.412460555605520 -80.296553591746431 -80.207883242385108 -80.041872688892482 -80.014732171232012
-81.266477817923985 -80.939322142435003 -80.806281014088100 -80.669265113443359 -80.489189563109491 -80.430556603416889 -80.322310178941677 -80.235381798489470 -80.074398413487557 -80.048496901460609
-81.266516829580084 -80.942927336158789 -80.813646886730211 -80.681867799775148 -80.506268841005934 -80.446969559921243 -80.348224371312057 -80.257553242756472 -80.099116190868813 -80.081076650468646
-81.266575924516474 -80.946982912688185 -80.822775189538746 -80.691917068969772 -80.525804823288382 -80.460561115437230 -80.365385460878414 -80.285812259359489 -80.126509540719951 -80.100188412520581
-81.266610015563643 -80.949828618386775 -80.828159433317737 -80.701142003036679 -80.537406609731192 -80.471970101314724 -80.383150882225067 -80.302191556849763 -80.141145032297871 -80.119802134240501
-81.266645302047365 -80.952521861590569 -80.833300507850097 -80.708695324589655 -80.549476713232281 -80.480819074257326 -80.396825464095784 -80.318799221624147 -80.163116486082515 -80.132208432100569
-81.266672785754196 -80.954638223843347 -80.836921754399199 -80.715107647378190 -80.557552315856299 -80.487013805567670 -80.410769309498036 -80.330134761477751 -80.175760930507565 -80.140714273299963
-81.266697251814477 -80.956174287143497 -80.839584243016390 -80.717968707093178 -80.561098523268910 -80.489753740623229 -80.413445183172982 -80.337101913314186 -80.178952087245193 -80.140009109356228
-81.266723126914087 -80.957735665860611 -80.842150369309820 -80.720386921138456 -80.564536035340979 -80.491832464851470 -80.415569534430119 -80.342744321376145 -80.182238453735195 -80.137465563340257
-81.266742254656194 -80.958626728914240 -80.843330310564781 -80.719973789414013 -80.563079871463671 -80.491035587662068 -80.410816125894570 -80.342950681148650 -80.173871611786780 -80.130612128417198
-81.266753094676545 -80.958908618755018 -80.843764653346398 -80.718218761360561 -80.562256775596879 -80.488432117036780 -80.406073454422682 -80.342296620482685 -80.172401107262971 -80.121149794610020
-81.266764754109971 -80.958925013843441 -80.843082367087746 -80.714671306975191 -80.556033042023756 -80.482630572916747 -80.395191549105434 -80.336436505984921 -80.159828184510914 -80.103254572435304
-81.266773043684552 -80.958525266376412 -80.841700052235382 -80.709613858516875 -80.548546004858480 -80.474858009828964 -80.381593478937006 -80.328574918250553 -80.146923042965923 -80.082184264288600
-81.266776045223352 -80.957385812358737 -80.838643345817815 -80.701458449773142 -80.534142136467622 -80.462341866504758 -80.360826563149530 -80.312089686438796 -80.117411478650894 -80.049894794015728
-81.266777589191207 -80.955656936986117 -80.834213796528161 -80.690530782579543 -80.514862708897439 -80.444982020294319 -80.333141097341056 -80.290101224937914 -80.077307533805850 -80.005719071085522
-81.266778159732752 -80.953182842413682 -80.828061017292399 -80.676352456315485 -80.488920488550519 -80.423899372040111 -80.297941623253891 -80.259104056929004 -80.021564794818190 -79.952283895397017
-81.266778496507840 -80.949793044731720 -80.819900672541962 -80.658513771990016 -80.456779484468811 -80.394422481275370 -80.255414475462032 -80.224500701652502 -79.952058661106818 -79.878187843703486
-81.266778609609375 -80.945354676140667 -80.809513382581912 -80.636727715590411 -80.417372095565227 -80.357403475847462 -80.203062447810638 -80.180969630318941 -79.865695465176856 -79.787645424349520
-81.266778634181364 -80.939196913643798 -80.794595364044270 -80.608334005001836 -80.364554677162928 -80.308476546059723 -80.133220670929731 -80.125581055370290 -79.752087697472788 -79.674572196675896
-81.266778634180767 -80.926932142794229 -80.776215655781058 -80.556082405092170 -80.300274837580474 -80.246498116932273 -80.042236043924177 -80.012561009778736 -79.608017169596479 -79.527703340847296
-81.266778634180696 -80.883268036660326 -80.693999111492033 -80.391510202348741 -80.053385921729287 -80.037428604603377 -79.677395367847950 -79.663528127676329 -79.164489429694200 -79.083724258920157
-81.266778634180696 -80.792279723584187 -80.488179246992317 -80.135648788974024 -79.639463322718683 -79.410736404970947 -79.197781264489166 -79.024094301338906 -78.575582533123907 -78.506486426699141
-81.266778634180582 -80.565619957860008 -79.990339905680003 -79.451675460036867 -78.369221551833249 -78.192280448736980 -78.162392387555329 -77.989576833729870 -77.622787214109110 -77.498577715720813
-81.266778634180625 -80.095306532816835 -79.112095103414205 -78.168467806101248 -77.462188433553351 -76.892333832228815 -76.204804237905932 -75.190129386282763 -74.918382809528055 -74.092836109866894
-81.266778634180611 -80.095306532816466 -79.112095103414305 -78.168467806101162 -77.462188433553138 -76.892333832228758 -76.204804237905975 -75.190129386282891 -74.918382809528069 -74.092836109867065
-81.266778634180568 -80.565619957859695 -79.990339905680159 -79.451675460037038 -78.369221551833547 -78.192280448736682 -78.162392387555386 -77.989576833729771 -77.622787214109124 -77.498577715720899
-81.266778634180710 -80.792279723583960 -80.488179246992814 -80.135648788974677 -79.639463322718186 -79.410736404971047 -79.197781264489151 -79.024094301339758 -78.575582533124205 -78.506486426699112
-81.266778634180753 -80.883268036659899 -80.693999111492488 -80.391510202348641 -80.053385921729003 -80.037428604603591 -79.677395367847737 -79.663528127676230 -79.164489429694981 -79.083724258920157
-81.266778634180724 -80.926932142794698 -80.776215655780888 -80.556082405092653 -80.300274837580687 -80.246498116932443 -80.042236043924063 -80.012561009778778 -79.608017169597503 -79.527703340847566
-81.266778634180881 -80.939196913643926 -80.794595364044454 -80.608334005001481 -80.364554677163326 -80.308476546059666 -80.133220670929177 -80.125581055370631 -79.752087697472362 -79.674572196675896
-81.266778634181463 -80.945355417968756 -80.809514986529891 -80.636733897920436 -80.417386046412673 -80.357413997290593 -80.203115125650228 -80.180990111391111 -79.865801460997758 -79.787754244587106
-81.266778634182899 -80.949798465282598 -80.819913546873750 -80.658554350064193 -80.456892868864458 -80.394501518776224 -80.255714785487797 -80.224653982802678 -79.952851653843823 -79.878922687376431
-81.266778634186707 -80.953207848961398 -80.828119968109490 -80.676531702234399 -80.489425404387759 -80.424223633906962 -80.299246730663285 -80.259745441069171 -80.025013643448716 -79.955047344808264
-81.266778634195092 -80.955725978742890 -80.834369022077212 -80.691019512069857 -80.516104378870239 -80.445779543701221 -80.336409331764855 -80.291663148944480 -80.085032353676581 -80.011780961163836
-81.266778634215441 -80.957581332017014 -80.839094242962332 -80.702607404326884 -80.537344294754320 -80.464308690256118 -80.367171989875374 -80.315993741141668 -80.134356901622468 -80.062110388400470
-81.266778634257278 -80.958976847068200 -80.842695437745732 -80.712027177469935 -80.554844734426680 -80.478722563821250 -80.393199071088446 -80.336213872378792 -80.176233254265654 -80.102261048593931
-81.266778634409448 -80.960034593557438 -80.845462853650545 -80.719670381387644 -80.568849888743159 -80.490664205899222 -80.415113199169824 -80.352170290221821 -80.210450374164481 -80.137271245377505
-81.266778634684840 -80.960855887194555 -80.847840749748528 -80.726066413295484 -80.581760882733604 -80.500730812622990 -80.434254079031462 -80.366436422113637 -80.242011108747676 -80.167442816501548
-81.266778635002851 -80.961468053565355 -80.849108250953478 -80.731226109417449 -80.588855450282097 -80.507836138703809 -80.450114416531505 -80.375351927138155 -80.259850559874124 -80.189682318784705
-81.266778635781719 -80.962000836631702 -80.850701871243260 -80.735841832480972 -80.598462214048070 -80.514686230462743 -80.464965332008603 -80.386243591194031 -80.284392027852448 -80.210609313023070
-81.266778636805185 -80.962367387942678 -80.851814057934618 -80.739189789666483 -80.605570488379769 -80.519995547285504 -80.476140756699166 -80.394987357253584 -80.302733005486289 -80.227489458115798
-81.266778638011203 -80.962588328383276 -80.852585957310964 -80.741228262596621 -80.610761701608240 -80.523743434386148 -80.482915915552937 -80.400083318864120 -80.316727459747739 -80.239380673812008
-81.266778639155746 -80.962759820605569 -80.853042060685752 -80.742902012637074 -80.613851146740004 -80.526084396301769 -80.488401384073541 -80.403710875626501 -80.324069067314852 -80.246842222870782
-81.266778640835682 -80.962857372085949 -80.853403682814402 -80.743722401829203 -80.616328948261469 -80.527398089857215 -80.490690234884212 -80.406013911814355 -80.330071561794327 -80.250455368668014
-81.266778642457240 -80.962910359735446 -80.853544302541849 -80.744053173958235 -80.616990959827206 -80.527859346757964 -80.491318473382989 -80.406644934769261 -80.330862755083601 -80.251430790523827
-81.266778645765100 -80.962917000579552 -80.853588164257914 -80.743787640319923 -80.616877620504823 -80.527315458426017 -80.489841768309333 -80.406171499563342 -80.330066140879225 -80.248260524065145
-81.266778647658228 -80.962819991819060 -80.853371752771125 -80.742406114159039 -80.614651705898666 -80.525019668917153 -80.484331408975763 -80.403202313158332 -80.322436200651779 -80.238662972009280
-81.266778649379631 -80.962634110120021 -80.852931195941778 -80.740109815336467 -80.610800086450411 -80.521489317599986 -80.475704932161676 -80.398423781185571 -80.310650544246272 -80.225238959380547
-81.266778650924209 -80.962335291248195 -80.852207702702046 -80.736782605133925 -80.605103873850155 -80.516528811835656 -80.463777949200747 -80.391454210584826 -80.294150187598333 -80.207807190134034
-81.266778652466854 -80.961884652867241 -80.851126995070658 -80.732265335180841 -80.597384951622971 -80.509889071369912 -80.448739928191259 -80.382103733070238 -80.272650488221657 -80.185590620321477
-81.266778653969325 -80.961242048402596 -80.849550946587158 -80.726415490150870 -80.587131913029864 -80.501266617519946 -80.430180747221783 -80.369928706235626 -80.245466647635951 -80.158256205675869
-81.266778654668059 -80.960341379612586 -80.847430551109596 -80.718990559312516 -80.574522240867708 -80.490382022478812 -80.407852088939791 -80.354783041947059 -80.212741884114948 -80.124932276552130
-81.266778655237005 -80.959107237932443 -80.844539975216492 -80.709775882719427 -80.558781418590172 -80.476653897270339 -80.381537919734811 -80.335656373694988 -80.173325377936109 -80.084801002502431
-81.266778655683282 -80.957417719282532 -80.840636471597250 -80.698336618753302 -80.539307102051467 -80.459357436551926 -80.350484319594273 -80.311975035248565 -80.126392353890239 -80.036239079596754
-81.266778655857365 -80.955159887759763 -80.835268246851911 -80.684510234242765 -80.514777546761508 -80.437329478162667 -80.314664364736956 -80.281062083049875 -80.070046831861049 -79.976922725077600
-81.266778655907515 -80.952020932638092 -80.827584711646310 -80.667203246259859 -80.482576752042618 -80.409390300348917 -80.272256650350059 -80.242732941839193 -79.999330048718292 -79.904495519291274
-81.266778655917179 -80.947515669706348 -80.814920494013549 -80.644820303741952 -80.434140867206267 -80.371263798247867 -80.219538738765110 -80.195797560718717 -79.894317981493359 -79.812653265052248
-81.266778655917321 -80.940450321063125 -80.798513073382850 -80.612504067313893 -80.375990119594164 -80.315729670011550 -80.141157007633993 -80.134539770406775 -79.770974682675089 -79.685138136268179
-81.266778655916937 -80.927451844208719 -80.777771229107159 -80.557632484666016 -80.304387728539325 -80.249178949462944 -80.046007324477785 -80.015797051196813 -79.615047703270832 -79.531837162973929
-81.266778655916909 -80.883327893692893 -80.694152042917466 -80.391632557466338 -80.053766880264902 -80.037709760114325 -79.677623425594845 -79.663749561275594 -79.165163670573861 -79.084088852856354
-81.266778655916838 -80.792295909001538 -80.488202427825811 -80.135679467526387 -79.639531149695685 -79.410781866191513 -79.197814906562485 -79.024146683574529 -78.575651203579071 -78.506492079857395
-81.266778655916823 -80.565624056352377 -79.990343220975504 -79.451682898515301 -78.369224151443191 -78.192286231358267 -78.162395389327244 -77.989580701895946 -77.622799928353118 -77.498581960249311
-81.266778655916866 -80.095307592061403 -79.112096878058480 -78.168468126165351 -77.462188490323086 -76.892335441858748 -76.204804233012922 -75.190130985261135 -74.918383704232625 -74.092836552724947
