-13.412168906034154 -13.089617465131838 -12.785028452064912 -12.574662167721851 -12.494971958261472 -12.284503542943556 -12.201955302970765 -11.991094621225677 -11.979449653299417 -11.686434564749232
-13.412168906035539 -13.224065125365252 -13.021824587583453 -12.932355809581805 -12.792880781436262 -12.702929166633249 -12.580929402901431 -12.530349830460889 -12.478798087233413 -12.425491954681258
-13.412168906043156 -13.297833549009368 -13.182533110026673 -13.111952668076166 -13.038753795417252 -12.943691266293641 -12.881828151279317 -12.873356345584744 -12.767404487064489 -12.714175783821494
-13.412168906044723 -13.304197633155411 -13.199229735574328 -13.147541092082768 -13.069176173263585 -13.004056973691164 -12.938510337706495 -12.924150515321317 -12.848946240375373 -12.781604231060184
-13.412168906046752 -13.311525554482429 -13.218592922204097 -13.162581942078628 -13.102458592848311 -13.032568131963057 -12.977025564919467 -12.967513446498296 -12.890853510478516 -12.835348691713023
-13.412168906049748 -13.315901181312221 -13.231229608243035 -13.182730013093861 -13.125899810632658 -13.068901080209610 -13.014090783825077 -13.005264691786843 -12.943408659358965 -12.890339561920943
-13.412168906052797 -13.319201462725399 -13.241217108840114 -13.193179176305510 -13.143819755912268 -13.088905819658876 -13.035841664428975 -13.030632179598747 -12.972975826130689 -12.921591259738209
-13.412168906061300 -13.321989398938232 -13.249977895708488 -13.205371895138084 -13.160148940880974 -13.113527426809242 -13.059855460583099 -13.052083561129638 -13.009558425585839 -12.954652647293981
-13.412168906078117 -13.324684539030843 -13.258132553215001 -13.215227271370393 -13.175444317014529 -13.131007608116679 -13.082835370673818 -13.074220552294078 -13.035639240069173 -12.985066117343260
-13.412168906101501 -13.326900760887844 -13.265241087333903 -13.223374822519238 -13.188982108848148 -13.145722180026349 -13.103468660789090 -13.092930378715828 -13.057629387101910 -13.012740198407730
-13.412168906139447 -13.328643765352323 -13.271276427674463 -13.230202112874434 -13.200736559027595 -13.159560581273480 -13.121495381045822 -13.108997944585605 -13.079669248674962 -13.037038832131737
-13.412168906190320 -13.330018704184232 -13.276416132633130 -13.235352653731900 -13.211046587691277 -13.168949883981830 -13.137582472811472 -13.121169667605091 -13.094050569586765 -13.058892519389360
-13.412168906257479 -13.331043106561328 -13.280582885826355 -13.239604194127987 -13.219709239716826 -13.177329700727068 -13.151308264826627 -13.131460650541134 -13.107133797109991 -13.077567320277362
-13.412168906343078 -13.331753906535114 -13.283687879649863 -13.242992524487004 -13.226414770028864 -13.184381749518248 -13.162052113991082 -13.139927398419195 -13.118278658816905 -13.091929092375047
-13.412168906450011 -13.332260307503516 -13.286046450758420 -13.245712957164722 -13.231698827254039 -13.190307002846772 -13.170562258027621 -13.146947558177436 -13.127693713907169 -13.102920453976596
-13.412168906581339 -13.332642825100347 -13.287951377616883 -13.247932931038859 -13.236121399426505 -13.195325417038422 -13.177664565586280 -13.152867476558272 -13.135637989926463 -13.111676446718315
-13.412168906738607 -13.332938873557374 -13.289534877452954 -13.249756701447883 -13.239945397716777 -13.199603796562339 -13.183842594357461 -13.157937717982428 -13.142484427139546 -13.119330962559790
-13.412168906921139 -13.333167446926948 -13.290853677000339 -13.251247265917369 -13.243259385460870 -13.203212146292875 -13.189111775407040 -13.162248514251518 -13.148118212548077 -13.125496322779460
-13.412168907123581 -13.333339592991637 -13.291929710826205 -13.252441925288021 -13.246083110031853 -13.206199823901329 -13.193542817358617 -13.165850237144479 -13.152668685205724 -13.130535196654337
-13.412168907334586 -13.333462953622391 -13.292765699020519 -13.253358708747777 -13.248375353812861 -13.208570351903047 -13.197095485913261 -13.168724532576563 -13.156179041687762 -13.134511648754486
-13.412168907538481 -13.333545013727454 -13.293361941007475 -13.254009387217264 -13.250067578171128 -13.210294623469858 -13.199678096971990 -13.170823084486136 -13.158642123411102 -13.137375916481924
-13.412168907720371 -13.333593643075117 -13.293723912793368 -13.254405896564998 -13.251084358851603 -13.211315866295353 -13.201158768427758 -13.172085336848030 -13.159978343512286 -13.138975754578667
-13.412168907871640 -13.333616680948843 -13.293868524326964 -13.254569086200023 -13.251393666599613 -13.211603352857445 -13.201482734691378 -13.172494248590317 -13.160155870065021 -13.139289933955746
-13.412168907989882 -13.333618749586954 -13.293802010940716 -13.254503077297050 -13.250944945747660 -13.211090276146187 -13.200475135040104 -13.171998073704433 -13.159009585481618 -13.137962192507050
-13.412168908074902 -13.333602991083181 -13.293542974623804 -13.254246596467661 -13.249816819146382 -13.209906147317000 -13.198284548636543 -13.170760415584697 -13.156778743767125 -13.135249610896572
-13.412168908131951 -13.333566518456797 -13.293067487042626 -13.253792493012451 -13.247973294569420 -13.208072589141945 -13.194798000623653 -13.168739856600130 -13.153403668950441 -13.130842374612754
-13.412168908216906 -13.333501111597483 -13.292338970825110 -13.253081553104385 -13.245420507251264 -13.205521731139298 -13.190103524845957 -13.165860718930668 -13.148666014130322 -13.124910536933422
-13.412168908403988 -13.333378858139495 -13.291204805480000 -13.251207844926977 -13.241741131729210 -13.198803354815404 -13.182970669107210 -13.159717546911732 -13.135903837790515 -13.113947218867688
-13.412168908483205 -13.333124776290479 -13.289230690080457 -13.249267364765331 -13.236178284330771 -13.193263718086055 -13.173316874392171 -13.152636320354716 -13.126399451845188 -13.101486283651610
-13.412168908528624 -13.332853801401745 -13.287286037802353 -13.247615002812859 -13.230962209835928 -13.188219967362278 -13.164196133356832 -13.146544047098756 -13.117864512199155 -13.088776052049834
-13.412168908544864 -13.332359601581443 -13.284266616005048 -13.244329734961013 -13.223532960965342 -13.178880050628107 -13.151605519138558 -13.138453922050193 -13.101638079826063 -13.071126502562324
-13.412168908553571 -13.331259504469232 -13.278622095431940 -13.238074215671121 -13.210958810243657 -13.164597777082315 -13.131881390558544 -13.123638274163525 -13.078120168160808 -13.045341345043548
-13.412168908554486 -13.329925723952279 -13.272672513307565 -13.231078495582784 -13.198276334624175 -13.149568017217430 -13.110417694877485 -13.108119266871110 -13.053860009310595 -13.014061772341559
-13.412168908555726 -13.328011247569167 -13.265092911393349 -13.221794415757099 -13.182829486600145 -13.130209889740946 -13.088752544513119 -13.085791135925950 -13.023853401275250 -12.980782610480116
-13.412168908559394 -13.321215061330440 -13.244563252119757 -13.191498972416255 -13.143499841141331 -13.076874043190237 -13.029866279439098 -13.015388835392230 -12.945109840585241 -12.906907990113156
-13.412168908559389 -13.313313594582292 -13.220164788381926 -13.163943753167455 -13.100599937462190 -13.028201115099710 -12.978115268371228 -12.961820970152882 -12.879935154526041 -12.824865493920006
-13.412168908559369 -13.290097322640147 -13.167725828439881 -13.091405880985446 -13.009829876701810 -12.921075895490485 -12.838715018791550 -12.814845590332421 -12.733258741204068 -12.670709620185287
-13.412168908559369 -13.232177659000842 -13.048168299753982 -12.932401552908329 -12.827631770411921 -12.711864167730958 -12.612245466527815 -12.527856668033657 -12.496477626074626 -12.446778312241147
-13.412168908559369 -13.089791278356238 -12.785133588365026 -12.574270559063992 -12.494921979866850 -12.284058950562498 -12.201956276074355 -11.991093246769378 -11.979401260582106 -11.686435556784325
-13.412168908559368 -13.089791278356225 -12.785133588365060 -12.574270559063990 -12.494921979866875 -12.284058950562464 -12.201956276074343 -11.991093246769362 -11.979401260582103 -11.686435556784316
-13.412168908559364 -13.232177659000836 -13.048168299753971 -12.932401552908390 -12.827631770411958 -12.711864167730925 -12.612245466527794 -12.527856668081306 -12.496477626314283 -12.446778311348178
-13.412168908559362 -13.290097322640092 -13.167725828439826 -13.091405880985345 -13.009829876701753 -12.921075895490521 -12.838715018791524 -12.814845590332370 -12.733258741206781 -12.670709622109465
-13.412168908559378 -13.313313594582281 -13.220164788381982 -13.163943753167482 -13.100599937462118 -13.028201115099801 -12.978115268371230 -12.961820970152848 -12.879935154525967 -12.824865484918790
-13.412168908559371 -13.321215061330438 -13.244563252119736 -13.191498972416271 -13.143499841141338 -13.076874043190212 -13.029866279438874 -13.015388835394450 -12.945109841060516 -12.906908030318295
-13.412168908559382 -13.328011247595011 -13.265092911622981 -13.221794416104386 -13.182829489939797 -13.130209897191108 -13.088752549516100 -13.085791192021089 -13.023853546258669 -12.980783193856180
-13.412168908559396 -13.329925724125717 -13.272672517794167 -13.231078502707412 -13.198276445567108 -13.149568278899203 -13.110419808663133 -13.108119458234526 -13.053865635861447 -13.014087946783896
-13.412168908559387 -13.331259505847214 -13.278622129173565 -13.238074263280852 -13.210959539976571 -13.164599242428734 -13.131891684963442 -13.123641151563108 -13.078144732094866 -13.045435884737193
-13.412168908559401 -13.332359613351526 -13.284266867183463 -13.244330026133945 -13.223537643957354 -13.178886771891118 -13.151669199931945 -13.138462283996462 -13.101721336193423 -13.071696932864976
-13.412168908559403 -13.332853845520704 -13.287286872253745 -13.247615974633497 -13.230975637747230 -13.188238813023130 -13.164354201646312 -13.146566473655081 -13.118076871064483 -13.089991554891071
-13.412168908559389 -13.333124925323752 -13.289233197040572 -13.249270311457572 -13.236213446951520 -13.193311927045851 -13.173675946518996 -13.152686747362381 -13.126897718829062 -13.103834353626516
-13.412168908559385 -13.333379593413540 -13.291215670959001 -13.251220832034397 -13.241865653876182 -13.198972184441132 -13.183985195592323 -13.159890424585793 -13.137267108758021 -13.119194799937615
-13.412168908559391 -13.333502527032930 -13.292358159774672 -13.253104478689345 -13.245610425784285 -13.205766515576371 -13.191433043830566 -13.166104932040691 -13.150411844917720 -13.130916273910541
-13.412168908559394 -13.333569832198064 -13.293110625487889 -13.253842735809567 -13.248350508948493 -13.208534302104489 -13.197084817402185 -13.169201584803410 -13.156213423997777 -13.139883956220542
-13.412168908559368 -13.333610287167033 -13.293632754950830 -13.254350304581067 -13.250500823339134 -13.210729923835880 -13.201844735503581 -13.171583943109656 -13.161102772112566 -13.147679379350297
-13.412168908559361 -13.333634042004180 -13.293979885247150 -13.254705630312932 -13.252124885547600 -13.212479438057718 -13.205748422749586 -13.173392741195427 -13.165287061834375 -13.154314232633304
-13.412168908559376 -13.333648395111130 -13.294212660127908 -13.254958227110004 -13.253365794790508 -13.213875461072199 -13.209028772510967 -13.174819206100159 -13.168929036073489 -13.160188531698390
-13.412168908559355 -13.333656104993389 -13.294352588143358 -13.255108473608644 -13.254221847581219 -13.214834357785710 -13.211551640752463 -13.175768931124537 -13.171710294589657 -13.164929629519506
-13.412168908559357 -13.333660133255366 -13.294432896209146 -13.255195681926521 -13.254781396039416 -13.215463816419854 -13.213401925149167 -13.176371168910373 -13.173743667697281 -13.168576438510140
-13.412168908559332 -13.333662104585466 -13.294475254871235 -13.255246706420960 -13.255107339116121 -13.215837903756986 -13.214613117273728 -13.176714310716500 -13.175065663483768 -13.171051682916991
-13.412168908559321 -13.333662985092104 -13.294494735499271 -13.255307584446992 -13.255229388969001 -13.216028461296780 -13.215222176562248 -13.176876956735013 -13.175722667881857 -13.172284443683969
-13.412168908559337 -13.333663257362367 -13.294499422806009 -13.255338195503885 -13.255231067181819 -13.216074256209259 -13.215243544968741 -13.176908617771941 -13.175717938136168 -13.172200968992685
-13.412168908559343 -13.333663069970662 -13.294491068026817 -13.255301385434045 -13.255153772719929 -13.215948763731427 -13.214682283116240 -13.176792329800938 -13.175011750183888 -13.170769274411654
-13.412168908559327 -13.333662231794079 -13.294463925702940 -13.255250883402891 -13.254895974319288 -13.215584350337929 -13.213466336454857 -13.176441906882644 -13.173477749251674 -13.167936052883107
-13.412168908559323 -13.333658655156857 -13.294372601580726 -13.255057587926562 -13.254165112295155 -13.214071784751368 -13.210802235490522 -13.175061255332954 -13.168619596319589 -13.162343614106170
-13.412168908559307 -13.333652485643558 -13.294234029122034 -13.254842636124843 -13.253212305007013 -13.212585132211794 -13.207878095275927 -13.173653616817708 -13.164512086905754 -13.156803005070937
-13.412168908559284 -13.333640083747904 -13.293991724315397 -13.254484164827355 -13.251802223998700 -13.210489271265528 -13.204059124079450 -13.171656638823093 -13.159315890144157 -13.149949665351588
-13.412168908559298 -13.333614992404904 -13.293572743416053 -13.253849299955968 -13.249753846175690 -13.207360320705389 -13.199135908105102 -13.168841620791428 -13.152362633670799 -13.141587926679959
-13.412168908559320 -13.333539639464169 -13.292541426377873 -13.252670621315012 -13.245605741647928 -13.202571134758580 -13.190146531173744 -13.164897413789754 -13.142564807273171 -13.126980505879352
-13.412168908559288 -13.333427637554841 -13.291318280306792 -13.251166682034874 -13.241434139347735 -13.197234544358231 -13.181846819282342 -13.159788312913546 -13.132352031437572 -13.113989404245917
-13.412168908559291 -13.333160077785918 -13.289007151092534 -13.248035107368855 -13.234648182463930 -13.187309020082786 -13.169376323821265 -13.151613873655618 -13.114959360055401 -13.094697841231605
-13.412168908559279 -13.332378991736443 -13.283918513257502 -13.243816195982777 -13.221957747288632 -13.175652925841575 -13.147870115916433 -13.139782851607922 -13.094872893358978 -13.064255456566197
-13.412168908559282 -13.331484903342684 -13.279181427362772 -13.238362498501708 -13.211135392925314 -13.162159206795387 -13.130058269253466 -13.125972590351136 -13.072757124122463 -13.038052696638797
-13.412168908559270 -13.328766129762997 -13.267709743000179 -13.223001129139018 -13.187516386221189 -13.131911778311510 -13.093685844694916 -13.090574640157161 -13.026094283547183 -12.987005754208177
-13.412168908559261 -13.323083377036049 -13.248424095472902 -13.205692253891979 -13.151172804574038 -13.094302722817648 -13.054695826860403 -13.035957284865734 -12.970017953359752 -12.921254187007737
-13.412168908559277 -13.313386749231048 -13.220319056330613 -13.164199052916496 -13.100823500836597 -13.028398730530929 -12.978705081261964 -12.962095453977469 -12.880111690972475 -12.825399128183079
-13.412168908559291 -13.290097547990383 -13.167726170560076 -13.091406526645288 -13.009830299952039 -12.921076542599410 -12.838715491391904 -12.814846545914540 -12.733259314439179 -12.670709993007009
-13.412168908559291 -13.232177659903043 -13.048168301233929 -12.932401554715582 -12.827631771941158 -12.711864169708928 -12.612245467604229 -12.527856669930017 -12.496477627669822 -12.446778313718271
-13.412168908559300 -13.089791278379650 -12.785133588385303 -12.574270559091037 -12.494921979879653 -12.284058950582279 -12.201956276082345 -11.991093246784558 -11.979401260598372 -11.686435556796043
