-258.999075950411793 -256.699353277630223 -252.788836428052235 -251.409884838358124 -249.136559984135260 -242.638584549126705 -227.101232551115118 -221.378121221549748 -57.819885019276910 -55.617928382994428
-259.000083528976973 -257.685225717962453 -255.536050452023517 -254.783038553035766 -254.064230242813039 -253.420788711704517 -252.466681081439702 -251.297769093649066 -250.960331548317129 -249.676558579772632
-259.002442021490879 -258.087059067278744 -256.651216401857198 -255.810325018882565 -255.350722436746594 -255.111985540814260 -254.231878635084655 -254.037951540226175 -253.769191030019755 -253.583844757453534
-259.006220974117298 -258.285864840950978 -257.295250990710485 -256.840975611740703 -256.042356226411073 -255.881935843988146 -255.733897635543542 -255.451386435616712 -255.131882416079947 -255.012773431189743
-259.009476878514363 -258.374249322200569 -257.636669382037439 -257.241290445915581 -256.653022269692144 -256.382256767847309 -256.149353190586567 -255.959751874295904 -255.663762009375148 -255.581725786325023
-259.011112232806624 -258.404878271835798 -257.753392453086747 -257.391685951477541 -256.867042252146064 -256.609511888655732 -256.427271665440514 -256.024253396648021 -255.923618645454269 -255.848378388848033
-259.012339105709373 -258.422745383844699 -257.828225624918048 -257.502240887653386 -257.021521725136040 -256.774081849779293 -256.657223790916248 -256.162016736081000 -256.095094218257543 -256.062232625876220
-259.013753064651269 -258.437903291509883 -257.895696513262806 -257.568746531806823 -257.165202754331460 -256.902925209004763 -256.789976166620420 -256.352442924746526 -256.275656239844636 -256.120934884571625
-259.015085165185724 -258.449610631982580 -257.949821421255137 -257.640626254957226 -257.285570821390706 -257.006648459758139 -256.952314899529370 -256.534153373974448 -256.469771413366232 -256.304341809526704
-259.016132075124460 -258.456816411354680 -257.983535145187147 -257.682774136600017 -257.361655747129475 -257.072364836658778 -257.038600643047801 -256.654743101035933 -256.585943953004232 -256.410139216390633
-259.017176392822478 -258.463569816819245 -258.016304676366246 -257.727438757309699 -257.433273840231038 -257.153551414656022 -257.116589591059778 -256.760191624555887 -256.709638842075947 -256.518624546028377
-259.018281523204394 -258.469312766483142 -258.046017443526580 -257.759409185225877 -257.499457067289825 -257.206811197646630 -257.168477643886490 -256.861698517559319 -256.796776741027998 -256.597620701476728
-259.019450821931628 -258.474703861743251 -258.073249052461676 -257.789763507762984 -257.556524497028875 -257.266735696460955 -257.214228626223587 -256.938644533282229 -256.871311191644793 -256.670010300904210
-259.020237816281053 -258.477756083464271 -258.090339300771518 -257.809759376223383 -257.593271209183570 -257.307882080670936 -257.248646011060089 -256.989064108830064 -256.922646376405453 -256.745052830081761
-259.021313514687222 -258.481563049864121 -258.112322158387485 -257.834371227969086 -257.639097695386681 -257.354310631479962 -257.275097988025152 -257.051249707900354 -256.990766988396729 -256.776572975399176
-259.021888714763236 -258.483278213087374 -258.122085962910489 -257.844639697904654 -257.654058986245502 -257.365755775753826 -257.282951076274458 -257.061064291948810 -257.009971469847869 -256.787124796723333
-259.022444147439103 -258.484589299164043 -258.128821346039558 -257.852484954951194 -257.661816194694040 -257.376281019143164 -257.281494158291594 -257.062893078213051 -257.018624491057437 -256.761037441853546
-259.022875974781641 -258.485038198527377 -258.129756803662815 -257.853905063718855 -257.655150932697325 -257.366266384621724 -257.274975150130274 -257.049318071972039 -257.008495205903898 -256.749362638859679
-259.023427616205083 -258.485288001138940 -258.132381385850408 -257.857232282430004 -257.660945525189049 -257.374769017019389 -257.269343027920911 -257.058268531258364 -257.022092770059771 -256.743826173361867
-259.023711927453292 -258.484648738297892 -258.128950571207611 -257.852252722736068 -257.658939513201915 -257.357164839264669 -257.250501644301323 -257.077212218192983 -257.012857566106788 -256.708857699860403
-259.023777353070386 -258.483064816992680 -258.118762442418529 -257.837954951662823 -257.634235372042497 -257.318418279416335 -257.211419288555021 -257.045118569830379 -256.979536353890694 -256.656589905099850
-259.023818451244665 -258.480287540288884 -258.101690582856634 -257.824609143740076 -257.593213836767120 -257.283678097363293 -257.159801688524851 -256.988736183694755 -256.931634945069618 -256.610877516045718
-259.023824470765931 -258.477046615500853 -258.081909585995163 -257.799702201225386 -257.542884065468684 -257.206581427379263 -257.084665179189642 -256.914738870170993 -256.834746494593730 -256.482226379181782
-259.023825177435754 -258.470854180201457 -258.049152029138213 -257.754407737346980 -257.457030122963999 -257.090270895560820 -256.995347300041828 -256.755912969985729 -256.681022876019767 -256.298028974719614
-259.023825177431718 -258.435491766435632 -257.897015586682244 -257.602316676147950 -257.129984555816350 -256.768166983990795 -256.621280733137155 -256.351845300441482 -256.196168909491348 -256.006276706204005
-259.023825177431945 -258.370470153204565 -257.689929640669845 -257.226311263220225 -256.732091310783346 -256.120498631075463 -256.013288437647816 -255.859382565508696 -255.691102037290079 -255.628390091828265
-259.023825177431775 -258.121914842263834 -256.997618495445408 -256.558960493711709 -255.707413487198551 -255.623375289239561 -255.321030552267985 -255.057036185194676 -254.958623006194330 -254.815049114372727
-259.023825177431831 -257.693398929222212 -255.918901024871843 -255.113855687078399 -254.941453799701691 -253.714832780795632 -253.512245710500082 -253.362401445513285 -252.727021422576343 -252.372234020201176
-259.023825177431661 -256.867603050545540 -254.641583772235975 -252.712718218053482 -251.927533372248064 -249.515759842292312 -247.135639704981543 -243.970864106243255 -57.822936948638464 -55.901762028239403
-259.023825177431661 -256.867603050545085 -254.641583772236174 -252.712718218053027 -251.927533372247495 -249.515759842291885 -247.135639704981685 -243.970864106242630 -57.822936948638578 -55.901762028239510
-259.023825177431718 -257.693398929223122 -255.918901024871928 -255.113855687078512 -254.941453799702373 -253.714832780795973 -253.512245710501077 -253.362401445513115 -252.727021422576172 -252.372234020200750
-259.023825177431604 -258.121914842264403 -256.997618495445579 -256.558960493708582 -255.707413487198721 -255.623375289240357 -255.321030552267302 -255.057036185193652 -254.958623006193477 -254.815049114372584
-259.023825177431888 -258.370470153205190 -257.689929640664218 -257.226311263223295 -256.732091310781470 -256.120498631073588 -256.013288437647475 -255.859382565508497 -255.691102037289255 -255.628390091827811
-259.023825177431831 -258.435491766437394 -257.897015586679629 -257.602316676149769 -257.129984555817089 -256.768166983990170 -256.621280733136473 -256.351845300441880 -256.196168909493963 -256.006276706202868
-259.023825177432059 -258.470854180204697 -258.049152029136053 -257.754407737351812 -257.457030122960532 -257.090270895557694 -256.995347300042681 -256.755912969982830 -256.681022876016016 -256.298028974707677
-259.023825177432116 -258.477050384956783 -258.081938233887627 -257.799745036336958 -257.543063650595343 -257.206934226505837 -257.084898581739537 -256.915301240862505 -256.835452396059111 -256.483975445413193
-259.023825177432116 -258.480320757996765 -258.102062245811055 -257.825014481577000 -257.595866744332511 -257.287086274053138 -257.160768913422771 -256.997008622282237 -256.939514590279714 -256.627415451526872
-259.023825177434617 -258.483249568017300 -258.121030388897964 -257.840395064993459 -257.647575226544177 -257.335027136233975 -257.215700334667417 -257.083893932476485 -257.007268586573730 -256.719036414815719
-259.023825177443996 -258.485160875087900 -258.134686503024113 -257.858310029242375 -257.688040379497579 -257.392164736858774 -257.260096598609778 -257.157609332318941 -257.063918807454399 -256.826132502334815
-259.023825177486003 -258.486721401883301 -258.146938569235772 -257.872065692171418 -257.724341420818575 -257.442106540381417 -257.289102312784678 -257.220844022998676 -257.114335213576226 -256.922469307449944
-259.023825177643346 -258.488022823978383 -258.157082391711469 -257.882116948253667 -257.757917495344486 -257.474441022284452 -257.312007441838375 -257.287530377605151 -257.156915566029113 -256.986608937182382
-259.023825177770505 -258.488769618251581 -258.164076843814144 -257.889186225006881 -257.783027410710076 -257.502742317396439 -257.342537062877796 -257.326649772469011 -257.184906347357980 -257.045707696532588
-259.023825177853439 -258.489079716824847 -258.167411724070064 -257.892356478032809 -257.797308231829390 -257.516178149682787 -257.373622170544536 -257.343078499315425 -257.200704586077222 -257.073967171952518
-259.023825177914887 -258.489235000353801 -258.169244016339292 -257.894787981650211 -257.805844700338071 -257.528637834154836 -257.393800015352667 -257.349333933579828 -257.211167645701892 -257.103089904047238
-259.023825177982076 -258.489292926943335 -258.169886884865434 -257.895287520902173 -257.808584936401076 -257.530096283940509 -257.399304349616841 -257.350202908435733 -257.211714584175922 -257.104276928585762
-259.023825178018456 -258.489274798777672 -258.169442060524545 -257.894567984716389 -257.805223236031907 -257.524736294715979 -257.387714598535467 -257.346417852466288 -257.205495845902362 -257.091258356487401
-259.023825178055120 -258.489178195941861 -258.167817283156865 -257.892233072513534 -257.795594108138403 -257.510271499383009 -257.360154750940922 -257.336735429129249 -257.190312184001186 -257.055754548575464
-259.023825178066659 -258.488954661917319 -258.164633232023903 -257.887472833101299 -257.779476147076650 -257.485095754723261 -257.320321159280695 -257.317882036283606 -257.164746255879493 -256.998164982013918
-259.023825178075697 -258.488380354580499 -258.157704649712628 -257.878456780415320 -257.750309567714339 -257.445340177359697 -257.293621434004535 -257.251290821903922 -257.124422283122726 -256.915134597242513
-259.023825178078084 -258.487271614062024 -258.146803151663278 -257.864839626942739 -257.711111332683572 -257.394129715199313 -257.255692506354762 -257.169153101368295 -257.068827128124212 -256.814241506326312
-259.023825178078653 -258.485261252116629 -258.130238977757926 -257.844134771238942 -257.659630657457285 -257.324883752461460 -257.203631023553555 -257.072237185147287 -256.994626244546282 -256.684624949983629
-259.023825178078710 -258.481434649415178 -258.103818984085763 -257.808881127759207 -257.588840761744962 -257.218746931361807 -257.125100966391130 -256.960709508366904 -256.865350532829041 -256.508299019862932
-259.023825178078425 -258.474470497986431 -258.064731237664489 -257.765708768694140 -257.489732529210016 -257.103055639173533 -256.998257980693438 -256.793854545365718 -256.711295984176445 -256.311076572448428
-259.023825178078482 -258.435740008619973 -257.897780116382592 -257.604021377039430 -257.131493745121702 -256.771075810272862 -256.621854273019778 -256.354075302683952 -256.198990318332164 -256.006386237174354
-259.023825178077914 -258.370508509342699 -257.690036043214661 -257.226380484645460 -256.732264289399779 -256.120587819637024 -256.013330708024796 -255.859396774765742 -255.691259433365701 -255.628582572291549
-259.023825178078198 -258.121916436783181 -256.997622033593302 -256.558976397684546 -255.707417094077641 -255.623395971646517 -255.321052070527600 -255.057044051365324 -254.958631916232122 -254.815070667177025
-259.023825178077971 -257.693398948409026 -255.918901099300513 -255.113855729226430 -254.941454342411106 -253.714833305378278 -253.512245786306067 -253.362402232074487 -252.727022229822438 -252.372234362899150
-259.023825178077914 -256.867603052031939 -254.641583776996356 -252.712718214795416 -251.927533399542682 -249.515759858259003 -247.135639749965321 -243.970864132779212 -57.822936942715842 -55.901762031220663
